386.6653784863926
383.03666506209163
375.3214539554385
375.3214539554385
356.2066827487799
340.4443818957938
340.4443818957938
326.1920259699458
315.5845188545168
305.7310871675575
289.6175019687671
289.6175019687671
272.9764631806249
266.3452311320763
266.3452311320763
262.3003100435189
258.07643028065746
246.27124298759477
246.09581695276043
246.09581695276043
241.6110422875125
241.28215118262412
241.28215118262412
241.28215118262412
240.23923168174733
235.18316098203027
233.55154671691622
233.55154671691622
227.34150533561234
216.49288333969412
211.43942867693795
211.43942867693795
211.43942867693795
189.52087356962164
180.27496454775638
177.74082837674726
177.74082837674726
171.81654967064523
171.81654967064523
160.6381681346971
160.6381681346971
148.66609212948885
142.69736207645096
141.85380559644645
141.85380559644645
140.2086688766038
139.8908996842173
132.38156404869173
132.38156404869173
132.38156404869173
131.54313819786066
131.54313819786066
131.54313819786066
131.54313819786066
128.1603630225507
128.1603630225507
121.20145122794338
121.20145122794338
121.20145122794338
114.436125400603
114.40291563372662
114.40291563372662
114.40291563372662
114.40291563372662
113.45930024459972
113.15686171247485
113.15686171247485
113.15686171247485
113.15686171247485
113.15686171247485
113.15686171247485
113.15686171247485
113.15686171247485
113.15686171247485
113.15686171247485
113.15189831433959
113.15189831433959
113.15189831433959
113.15189831433959
113.15189831433959
108.76409315611569
104.78390005005902
103.75328149980176
103.75328149980176
103.75328149980176
103.75328149980176
103.75328149980176
103.75328149980176
103.75328149980176
100.97794139381527
100.97794139381527
100.89928280383445
100.89928280383445
100.89928280383445
100.89928280383445
100.89928280383445
100.89928280383445
100.86596214667496
100.86596214667496
100.86386309428194
100.86386309428194
98.05321807650323
98.05321807650323
98.05321807650323
98.05321807650323
98.05321807650323
88.91329033394545
88.91329033394545
88.86248764649066
86.27582824666062
86.27582824666062
86.27582824666062
86.27582824666062
86.26675275925108
86.26675275925108
86.26675275925108
84.78997423050312
84.78997423050312
74.20018581001945
74.20018581001945
74.20018581001945
74.20018581001945
74.0147806696281
74.0147806696281
74.0147806696281
74.0147806696281
74.0147806696281
74.0147806696281
73.35736300580373
73.3320091018766
70.42822635021376
70.03733082205385
70.03733082205385
70.03733082205385
70.03733082205385
70.03733082205385
70.03733082205385
70.03733082205385
70.03733082205385
70.03733082205385
70.03733082205385
69.45868144469193
68.10190893130891
64.32844808032095
64.32844808032095
64.32844808032095
62.1084444135699
62.1084444135699
62.1084444135699
62.1084444135699
62.1084444135699
57.30285393666139
57.30285393666139
57.30285393666139
57.30285393666139
57.30285393666139
57.30285393666139
57.30285393666139
57.30285393666139
57.30285393666139
57.30285393666139
57.0730541889529
57.0730541889529
57.0730541889529
57.060280110330325
56.01317227416115
56.01317227416115
50.34224466076412
49.85864826192471
49.85864826192471
49.85864826192471
49.85864826192471
48.726546154985314
48.726546154985314
44.90606550600249
44.213656789098735
43.86467854147409
43.86467854147409
43.86467854147409
43.557549686955596
43.557549686955596
43.557549686955596
43.557549686955596
43.45216327736725
43.45216327736725
43.42765509712545
43.41070920513762
43.41070920513762
43.41070920513762
43.39602452916329
43.394288121778395
43.394288121778395
43.394288121778395
42.950277386833385
42.926821449916936
42.926821449916936
42.88969805972979
42.88969805972979
41.508497357085496
41.508497357085496
41.508497357085496
41.508497357085496
41.508497357085496
41.508497357085496
41.508497357085496
41.508497357085496
41.508497357085496
41.508497357085496
41.49043848447079
41.480921272796884
41.480921272796884
41.480921272796884
41.480921272796884
41.480921272796884
41.480921272796884
41.480921272796884
41.480921272796884
41.480921272796884
41.480921272796884
41.480921272796884
38.68865087287499
32.77088896766473
32.77088896766473
32.77088896766473
32.17800826785836
32.17800826785836
31.868209809756667
31.776725593291825
31.776725593291825
31.776159977557544
31.776159977557544
31.776159977557544
31.44250155169428
30.649287773551006
30.649287773551006
30.649287773551006
30.644445233426193
30.644445233426193
30.644445233426193
30.60404018487746
30.60404018487746
30.603409922860738
30.522520551473644
30.522520551473644
30.522520551473644
30.5225186401583
30.5225186401583
30.5225186401583
30.5225186401583
30.495739661228125
30.495739661228125
30.495739661228125
30.495739661228125
30.495739661228125
26.747685047474672
26.710520183156266
26.668854376896295
26.214099224266544
26.214099224266544
26.214099224266544
26.135744171364966
26.135744171364966
26.135744171364966
26.135744171364966
26.135744171364966
26.135744171364966
26.135744171364966
26.135744171364966
26.124459681437234
26.041378879549693
26.041378879549693
26.010712038341634
25.854541414714827
25.854541414714827
25.79928105350866
25.79928105350866
25.79928105350866
25.79928105350866
25.79928105350866
25.79928105350866
25.79928105350866
25.79928105350866
25.79928105350866
25.783689023164168
25.783689023164168
25.783689023164168
25.783689023164168
25.780290226588146
25.72949100884283
25.72949100884283
25.72949100884283
25.72949100884283
25.72949100884283
25.72949100884283
25.647494453078338
24.65934133601983
24.62079516024012
24.62079516024012
24.62079516024012
24.62079516024012
24.62079516024012
24.62079516024012
24.618314113110134
24.61709725533057
24.617095430930313
24.617095430930313
24.617095430930313
24.617095430930313
24.56932154039501
24.56932154039501
24.56932154039501
24.56932154039501
24.56932154039501
24.56932154039501
24.56932154039501
24.540922887349936
23.524819348130862
23.524819348130862
22.769240595917907
22.767710965508172
22.767710965508172
22.767710965508172
22.767710965508172
22.58275549661971
22.58275549661971
22.58275549661971
22.58270449579956
22.58270449579956
22.546520850177323
22.220466861915803
22.099141718020483
22.070356442945105
22.070356442945105
22.070356442945105
22.070356442945105
20.850346476859677
20.849427119496
20.849241398844704
20.849241398844704
20.849241398844704
20.849241398844704
20.849241398844704
20.849241398844704
20.849241398844704
20.83799789864291
17.78874913025321
17.78874913025321
17.769723830806214
16.912782449728855
16.874848663460902
16.874848663460902
16.85266968039765
16.817814631104124
16.817814631104124
16.817814631104124
16.817814631104124
16.817814631104124
16.817814631104124
16.491476673286794
16.491476673286794
16.491476673286794
16.491476673286794
16.491476673286794
16.491476673286794
16.491476673286794
16.491476673286794
16.478930699271174
16.478796088387856
16.478796088387856
16.158207526214692
15.832494543210064
15.767814017859896
15.767814017859896
15.767556634161568
15.767556634161568
15.749382871100176
15.717655790391566
15.717655790391566
15.717655790391566
15.717655790391566
15.717655790391566
15.717655790391566
15.717655790391566
15.717655790391566
15.717655790391566
15.716647428990298
15.716647428990298
15.716647428990298
15.71041038100657
15.71041038100657
15.71041038100657
15.71041038100657
15.453272520629742
15.431815067578139
15.431815067578139
15.426517149613385
15.426517149613385
15.426517149613385
15.426517149613385
15.426517149613385
15.386064030912726
15.386064030912726
15.386064030912726
15.386064030912726
15.333489213246907
15.333489213246907
15.333489213246907
15.333489213246907
15.333489213246907
15.333489213246907
15.333489213246907
15.333489213246907
15.333489213246907
15.27012527567882
15.27012527567882
15.27012527567882
15.27012527567882
15.269979933443583
15.269979933443583
15.269979933443583
15.269979933443583
15.265603581445355
15.262912160224168
15.262912160224168
15.262912160224168
15.262912160224168
15.262867988142876
15.262830215678816
15.262830215678816
15.262830215678816
15.227216055819945
15.227216055819945
15.222032370126055
15.098364900391465
15.009064072616532
15.008678427360103
15.00849811175037
15.00849811175037
15.008335857589303
15.008335857589303
15.008335857589303
15.008335857589303
15.008335857589303
14.754507090949787
14.43106599977228
14.43106599977228
14.43106599977228
14.43106599977228
14.377066036620636
14.373542025598201
14.373527006517328
13.888959508358072
12.903888258117542
12.903888258117542
12.903888258117542
12.903888258117542
12.903888258117542
12.901160667367886
12.901160667367886
12.900976659761834
12.900976659761834
12.900976659761834
12.900976659761834
12.900976659761834
12.900976659761834
11.941961864236502
11.934424076167913
11.934424076167913
11.934424076167913
11.934424076167913
11.932772318338456
11.932772318338456
11.932772318338456
11.932772318338456
11.69757456992299
11.69757456992299
11.69757456992299
11.695308148098006
11.695308148098006
11.687073278589583
11.662838141099755
11.662838141099755
11.662838141099755
11.662838141099755
11.662838141099755
11.662838141099755
11.662838141099755
11.66194002139819
11.66194002139819
11.661547754215743
11.656283326666985
11.656283326666985
11.65307035757876
11.65307035757876
11.65307035757876
11.61296491733637
10.756731549333702
10.756647536967153
10.756647536967153
10.756647536967153
10.756647536967153
10.64774384589504
10.64774384589504
10.59895281893665
10.59895281893665
10.598923195347346
10.598923195347346
10.598923195347346
10.589029668054348
10.562657524646035
10.562657524646035
10.562657524646035
10.556474359464977
10.556474359464977
10.55291694549192
10.550208051278116
10.550208051278116
10.550208051278116
10.550208051278116
10.54995331066798
10.54995331066798
10.54995331066798
10.54995331066798
10.54995331066798
10.222045681784888
9.474763783975433
9.474763783975433
9.47385704351007
9.47385704351007
9.4712615894573
9.385969599606845
9.385969599606845
9.385969599606845
9.374987372667302
9.374987372667302
9.374987372667302
9.374987372667302
9.374480173275497
9.374480173275497
9.371235946117526
9.371235946117526
9.371235946117526
9.371235946117526
9.36925489470687
9.368966720444913
9.044659857713308
9.0445343260353
9.0445343260353
9.044502612814187
9.044502612814187
9.036951744201145
9.036951744201145
9.036951744201145
9.036951744201145
9.032577099922593
8.52795738187622
8.52768440572205
8.52768440572205
8.525399406877739
8.525372831527026
8.525372831527026
8.525372831527026
8.524793229824745
8.517386337493912
8.517386337493912
8.516544159374199
8.516544159374199
8.516544159374199
8.516544159374199
8.445198926472099
8.445198926472099
8.445198926472099
8.445198926472099
8.445198926472099
8.445198926472099
8.445198926472099
8.445198926472099
8.445198926472099
8.445198926472099
8.445198926472099
8.445198926472099
8.444350193024153
8.444350193024153
8.444350193024153
8.436297456850784
8.436297456850784
8.436297456850784
8.435995202727822
8.435995202727822
8.29941712931514
8.29941712931514
8.29941712931514
7.871669754220239
7.208928614154601
7.208927008008786
7.208927008008786
7.192584367855742
7.192087530046617
7.192087530046617
7.184082038017483
7.184082038017483
7.1840778605353215
7.1840778605353215
7.1840778605353215
7.1840778605353215
7.1840778605353215
7.1840778605353215
7.175404937905213
7.128443230257435
7.128441214641361
7.128441214641361
7.128441214641361
7.12650244760804
7.12650244760804
7.12650244760804
7.023494787570318
7.023494787570318
7.023494787570318
7.022160379930604
7.022160379930604
7.022160379930604
7.022047949228114
7.021554321191784
7.021375779442675
7.021375779442675
7.020047510267224
6.108326785799962
6.108326785799962
6.105409405865265
6.105409405865265
6.105409405865265
5.776371294563642
5.776371294563642
5.776151826923259
5.776151826923259
5.776151826923259
5.776151826923259
5.775920860457795
5.775912172296676
5.775912172296676
5.775912172296676
5.775912172296676
5.7758945583863515
5.7758945583863515
5.7758945583863515
5.7758945583863515
5.627695232605765
5.627695232605765
5.627695232605765
5.627695232605765
5.62536162954129
5.62536162954129
5.62536162954129
5.567562426131451
5.567562426131451
5.524827400727142
5.524827400727142
5.524827400727142
5.524827400727142
5.524129123010642
5.524129123010642
5.523955333061533
5.523955333061533
5.523955333061533
5.523955296452659
5.523955296452659
5.523657050617517
5.5236475531234
5.5236475531234
5.518962915483794
5.518962910026273
4.337239308792611
4.337239308792611
4.337229454899505
4.337229454899505
4.337179485741364
4.337179485741364
4.337179485741364
4.337179485741364
4.337179485741364
4.337179485741364
4.337117400103692
4.337117299443717
4.33711717975442
4.33711717975442
4.3368303415602885
4.3368303415602885
4.336746388025897
4.336716878393489
4.336716878393489
4.336716878393489
4.336713592498818
4.336713592498818
4.336713592498818
4.33541693354074
4.33541693354074
4.240133417168316
4.240133417168316
4.240131893277249
4.240131893277249
4.240131893277249
4.240131071778778
4.240131071778778
4.240119917471407
4.240119917471407
4.240119917471407
4.240119917471407
4.236801013071334
4.236801013071334
4.2189869202727195
4.2189869202727195
4.2189869202727195
4.2163050659085926
4.2163050659085926
4.21629924539268
4.216199940624945
4.215663027911779
4.214121615522995
4.13000146110144
4.129363079814844
4.129363079814844
4.129363079814844
4.12208444070939
4.12208444070939
4.122066833443691
4.12206211173037
4.122062098484925
3.6230125023583817
3.6220402840139947
3.6220401927019417
3.6220401927019417
3.6220401927019417
3.6220401927019417
3.6220401927019417
3.6220401927019417
3.6220401178359527
3.6220401178359527
3.59079602446546
3.59079602446546
3.5905644142336097
3.590564408876469
3.590564408876469
3.590564250725631
3.5905510819753985
3.5905510819753985
3.5905510507870595
3.5905510507870595
3.5841764525524287
3.5841764525524287
3.584127914285741
3.5837644333117034
3.582916825586933
3.582916825586933
3.582916825586933
3.5829163034880303
3.5829163034880303
3.582915160721539
3.582915160721539
3.5829144002671427
3.5829144002671427
3.551069387448827
2.5175030383805765
2.5175030383805765
2.5174802638947984
2.5174801824963087
2.517480181873223
2.517480181873223
2.517467810491979
2.517467810491979
2.517462946474213
2.5174616784509816
2.5174616784509816
2.517136413752537
2.517136413752537
2.5171264133552995
2.5171126549711715
2.5171020638845185
2.479508475303863
2.479508473445799
2.4795082155790933
2.4795082155790933
2.4795003515982934
2.4795003515982934
2.4794998817973664
2.479498874831945
2.479498874831945
2.479498874831945
2.479498874831945
2.479498874831945
2.4794950418394563
2.120484144423804
2.1204813741785404
2.1204813741785404
2.1204813741785404
2.1204813741785404
2.1201987281295427
2.120149522759492
2.120149522759492
2.120149522759492
2.1201490400560594
2.120149035782319
2.1201488387335825
2.1201386117844283
2.1201385973061377
2.1201385844140326
2.120128323010519
2.120128323010519
2.120128323010519
2.120128323010519
2.120128323010519
2.120128323010519
2.1201282628557863
2.1201282448709122
2.1201282448709122
1.2207964982413024
1.2207964982413024
1.2207964982413024
1.220796496613941
1.2207964921261674
1.2197678865758874
1.2197678865758874
1.2197678865758874
1.2197678865758874
1.2197448446896537
1.2197448444024683
1.2197448432816316
1.219744843159848
1.219744843159848
1.219744843159848
1.2194283671512487
1.2194283303263802
1.2194283303263802
1.2194283303263802
1.1834580867906386
1.1834539884991138
1.1834539607938694
1.183453947097874
1.1834539219361044
1.1834539217582538
1.1834498177312884
1.1834498177312884
1.1834498177312884
1.1834498177312884
1.1834498177312884
1.1834498177312884
1.1834498177312884
1.1834497272607596
1.1834497272607596
1.1192167469091192
1.098359906980443
1.0870196456831422
1.0870195878107864
1.0870195878107864
1.0870195878107864
1.0870195878107864
1.0870195878107864
1.0870195878107864
1.0870195623764634
1.0870195045519466
1.0870195045519466
1.0870195045519466
1.0870195045519466
1.0870195045519466
1.0870194902298884
1.0870194878720199
1.0870194504989978
1.0757632384909428
1.0757558387391732
1.0757558327117902
1.0757558327117902
1.075755825592962
1.075755825592962
1.075755825592962
1.075755825592962
1.0757558246213943
1.0757558246213943
1.0756853772059127
1.0756853772059127
1.0756853772059127
1.0756853534228927
1.0756847789750985
1.0756847789750985
1.0756841489586169
1.0756841256752363
1.0756840698074832
1.0756840697230245
1.0756840557638068
1.0756840557638068
1.0756840557184706
1.0756840557184706
1.0756805455162812
1.0756805455162812
1.0756805450644293
1.0756805444431787
1.0756805444431787
1.0756805444431787
1.0756804820112293
1.0752067847469515
1.0752067847469515
1.0752067847469515
1.0752067847469515
1.065222623103871
1.065222623103871
1.0652226218506584
1.0652226013580641
1.0652226013580641
1.0652138081237474
1.0652138081237474
1.005748658518895
1.0053593111760204
1.0053593111760204
1.0053593111760204
1.0053593111760204
1.0053593111760204
1.0053593103846783
1.0053593103604488
1.005359157225934
1.005359157225934
1.0053591566222746
1.0053588370871687
1.0052316776293821
1.0050016988161978
1.005001697783495
1.005001697783495
1.005001697783495
1.0050016977761604
1.0050016977761604
1.0050016977761604
1.0050016977761604
1.0050016977761604
1.0050016977761604
1.005001694035231
1.0050016940293283
1.0050016940293283
1.0050016857597512
1.0050016838800513
1.0034139580489736
1.0034139580489736
1.0034139580489736
1.0034139580489736
1.003413954252954
1.0034115785847355
1.0034115785847355
1.0033901633493514
1.0033901633493514
1.0033901633493514
1.003390162122157
1.003390162122157
1.003390162122157
1.003390162122157
1.003390162122157
1.003390162122157
1.003390162122157
1.0033900553108346
1.0033900553108346
1.0033900550771673
1.0033900550771673
1.00339005484153
1.003390054833286
1.003390054833286
1.003390054833286
1.003390054755446
1.0033900280562413
1.0033794565016851
1.003379429123079
1.003379429123079
1.0033754126034466
1.0033754126034466
1.0033754125856493
1.0033754125856493
1.0033754125856493
1.0033754125079248
1.0033754125079248
1.0033753993533026
1.0033753993533026
1.0033753993529224
1.0033753993529224
1.0033753960804432
1.003375395943932
1.003375395943932
1.0033753958144604
1.0033753958144604
1.0033750813655296
1.0033750628343565
1.0033750628343565
1.0033750628197389
1.003375061965622
1.003375061965622
1.003375061965622
1.0033613005572644
1.0033613005572644
1.0033613005572644
1.0033613005572644
1.0033591252756846
1.0033591252756846
1.0033591252756846
1.0033591252756846
1.0033591252756846
1.0033591252756846
1.0033591252265115
0.9949782439108894
0.9949782439099284
0.994978243909717
0.9949782228937156
0.9949782228935788
0.9949782196685888
0.9949782196619061
0.9949762652112639
0.9949762652112639
0.9949762621038438
0.9949762621038438
0.9949762606247994
0.9949762557486128
0.9949756829100327
0.9949756819809625
0.994975678860861
0.9949756709687492
0.9949756709687492
0.9949756709687492
0.9949756454690402
0.9949756388314928
0.9949756388314928
0.9949756388314928
0.9949756388314928
0.9949756383180777
0.994975638317479
0.994975638317479
0.994975638317479
0.994975638317479
0.9949750384848581
0.9949750384848581
0.9949750384825187
0.9949750384726244
0.9949750374997794
0.9949750367960899
0.9949750367960899
0.9949750363768999
0.9949743279672862
0.9949743279672862
0.9949743279643073
0.99497432796427
0.99497432796427
0.99497432796427
0.9949743269106719
0.9949743262630726
0.9949743260537787
0.994974326053562
0.9949743260535548
0.9949743254454422
0.9949743254416532
0.9949743254416532
0.9949738020117316
0.9949738020117316
0.9949738020117316
0.9949738020117316
0.9949738020117316
0.9949738020117316
0.9949738020056635
0.9949738019974674
0.9949738019974674
0.9949738019974674
0.9949738019922751
0.9949737995476404
0.9949737993529144
0.9949737946261674
0.9949737946253521
0.9949737915700538
0.9949737915700538
0.9949737914932975
0.9949737914932975
0.994973791488011
0.994973791488011
0.994973791488011
0.994973791488011
0.9949737911297571
0.9949737905736189
0.9949737905735692
0.9949737905735692
0.9949737905735692
0.9949737905735585
0.9949737905320575
0.9949737899197579
0.9949737899197579
0.9949737899197579
0.9949737899197579
0.9949737899197579
0.9949737892428878
0.9949737892428878
0.9949737892248844
0.9949737892248844
0.9949737892248844
0.9949737892248844
0.9949737892248844
0.9949737892248844
0.9949737892247548
0.9949737892229962
0.994973781216947
0.9949737812160926
0.9949737812159558
0.9949737812152062
0.9949737812152062
0.9949737812152062
0.9949737812040418
0.9949737811685644
0.9949737811685644
0.9949737811685644
0.9949737811678361
0.9949737811082873
0.9949737811082873
0.9949737807097598
0.9949737794489089
0.9949737794489089
0.9949737794486886
0.99497377944855
0.99497377944855
0.99497377944855
0.99497377944855
0.9949737794459494
0.9949737794458215
0.9949737794458215
0.9949737794097651
0.9949737687830176
0.994973768781847
0.994973768781847
0.9949737687815023
0.9949737687788591
0.9949737687788591
0.9949737687528
0.9949737687528
0.9949737687507607
0.9949737687506328
0.9949737687414455
0.9949737687414455
0.9949737687414455
0.9949737687408788
0.9949737687408788
0.9949737687408788
0.9949737687408788
0.9949737687397793
0.9949737687397793
0.9949737687397651
0.9949737687397651
0.9949737687397651
0.9949737687397651
0.994973768738598
0.994973768738598
0.994973768738598
0.994973768738598
0.994973768738598
0.994973768738598
0.994973768130496
0.9949737681300963
0.9949737681300963
0.9949737681300963
0.9949737681295439
0.9949737681295439
0.9949737680498778
0.9949737680498423
0.9949737680389372
0.07907681737454553
0.0790768173745171
0.0790768173745171
0.07907681640483588
0.07907681639909647
0.07907441124364745
0.07907441124363501
0.07907441124349823
0.07907441124349823
0.07907441124343606
0.07907441124025283
0.07907440950366684
0.0790744095034217
0.0790744095034217
0.0790744095034217
0.07907314009477773
0.07907314009477773
0.07907314009461963
0.07907314009455213
0.07907314009455213
0.07907314008013877
0.07907314008011923
0.07795816262230026
0.07795816262073707
0.07795816262064115
0.07795813798001205
0.07795813798001205
0.07795813798001205
0.07795813798001205
0.07795813798001205
0.07795813797998896
0.07795813797998896
0.0779581379197527
0.07795813783088867
0.07795813783088867
0.07795813783088867
0.07795813783088867
0.07795813783080696
0.07795813783080696
0.07795813783080696
0.07794984345024325
0.07794984345024325
0.0779498433776098
0.0779498433776098
0.07794984337098754
0.0779498433599688
0.051596485248532886
0.05159648524850802
0.05159648524767668
0.05159648524767668
0.051596485247456414
0.051596485247456414
0.051596485247451085
0.051596485172147766
0.051596485172147766
0.051596485171080175
0.051596485171080175
0.051596485171080175
0.05159648517105353
0.05159648517098425
0.05159648516840498
0.05159648516817228
0.05159632575000295
0.05159632574796724
0.05159632574796724
0.05159632555422888
0.006743431717771031
0.006743431717771031
0.006743431717771031
0.006743431252653309
0.006743431252653309
0.006743431252653309
0.006743431252653309
0.006743431252653309
0.0021156096081806908
0.0021156096081806908
0.002115609608152269
0.002115609608152269
0.002115609608152269
0.002115609598485335
0.002115609598485335
0.002115609598485335
0.002115609598405399
0.002115609598405399
0.0021156095984036227
0.0021156095982544088
0.0021156095982224343
0.0021156095982224343
0.002115168229709141
0.002115168229709141
0.002115168229709141
0.002115168229709141
0.002115168229709141
0.002115168229709141
0.0017642127019641407
0.001764212614377314
0.001764212614377314
0.001764212614377314
0.001764212614377314
0.001764212614377314
0.0017642126141694803
0.000885969661640118
0.00088596965495924
0.000885079418877055
0.000885079418877055
0.000885079418877055
0.000885079418877055
4.8713417470480636e-05
4.871341740653179e-05
4.8713417402979076e-05
4.8713417402979076e-05
4.8713417402979076e-05
4.871341737633372e-05
4.871341737633372e-05
4.871341737633372e-05
4.871341737633372e-05
4.871341737100465e-05
4.871341737100465e-05
4.871341737100465e-05
4.871341736745194e-05
4.871341736745194e-05
4.871341736745194e-05
4.871341736745194e-05
4.871341736567558e-05
7.837248434228172e-06
7.837248432451815e-06
7.837248125142082e-06
7.837248125142082e-06
7.837248125142082e-06
7.837248125142082e-06
7.837248125142082e-06
6.950858002952032e-06
6.950858002952032e-06
6.950858002952032e-06
6.950858002952032e-06
6.950858002952032e-06
6.950858002952032e-06
6.950858002952032e-06
6.950858001175675e-06
6.950858001175675e-06
6.950858001175675e-06
6.950857999399318e-06
6.689339665300054e-06
6.689339427268237e-06
6.689339427268237e-06
6.689339393517457e-06
6.689339393517457e-06
6.689334847820305e-06
6.689334847820305e-06
6.689334847820305e-06
6.689334847820305e-06
6.511686287069551e-06
1.3006755796851621e-06
1.3006753754041256e-06
1.3006753754041256e-06
1.3006753754041256e-06
1.3006753754041256e-06
1.3004839445329708e-06
1.3004839445329708e-06
1.300483942756614e-06
1.300483942756614e-06
1.300483942756614e-06
1.3004839338748297e-06
1.3004839338748297e-06
1.300483930322116e-06
1.300483930322116e-06
1.300483930322116e-06
1.300483930322116e-06
1.300483930322116e-06
1.300483930322116e-06
1.300483930322116e-06
1.300483930322116e-06
1.300483930322116e-06
1.300483930322116e-06
1.300483930322116e-06
1.300483930322116e-06
1.3004839232166887e-06
1.3004839232166887e-06
1.3004839232166887e-06
1.3004839232166887e-06
1.3004839232166887e-06
1.3004839232166887e-06
1.3004839232166887e-06
1.3004839232166887e-06
1.3004839232166887e-06
1.3004839232166887e-06
1.3004839232166887e-06
1.3004839232166887e-06
1.3004839232166887e-06
1.300483919663975e-06
1.300483919663975e-06
1.300483919663975e-06
1.300483919663975e-06
1.300483919663975e-06
1.3004351835377292e-06
1.3004351799850156e-06
1.3004351799850156e-06
1.3004351799850156e-06
1.3004351799850156e-06
1.3004351799850156e-06
1.3004254064696852e-06
1.3004254064696852e-06
1.3004254064696852e-06
1.5237970352188768e-07
1.5237970352188768e-07
1.5237970352188768e-07
1.5237970352188768e-07
1.5237970352188768e-07
1.5237970352188768e-07
1.5237970352188768e-07
1.5237970352188768e-07
1.5237970352188768e-07
1.5237970352188768e-07
1.5237970352188768e-07
1.5237970352188768e-07
1.523794921354238e-07
1.523794921354238e-07
1.523794921354238e-07
1.523794921354238e-07
1.523794921354238e-07
1.523794921354238e-07
1.523794921354238e-07
1.523794921354238e-07
1.523794921354238e-07
1.523794921354238e-07
1.523542501047359e-07
1.523542501047359e-07
1.5235424832837907e-07
4.7502304312274646e-09
4.7502304312274646e-09
4.7502304312274646e-09
4.7502304312274646e-09
4.7502304312274646e-09
4.7502304312274646e-09
4.7502304312274646e-09
4.7502304312274646e-09
4.750228654870625e-09
1.5639631811836807e-09
1.1661374088589582e-09
1.1661374088589582e-09
1.1661374088589582e-09
1.1661374088589582e-09
1.1661374088589582e-09
1.1661267507179218e-09
1.1661267507179218e-09
1.1661267507179218e-09
1.1661267507179218e-09
1.1661267507179218e-09
1.1661267507179218e-09
1.166123198004243e-09
1.166123198004243e-09
1.166123198004243e-09
1.166123198004243e-09
1.166123198004243e-09
1.166123198004243e-09
1.1660841181537762e-09
1.1660841181537762e-09
1.1660841181537762e-09
1.1660841181537762e-09
1.1660841181537762e-09
1.1457910176204678e-09
1.1457910176204678e-09
1.1457910176204678e-09
1.1457910176204678e-09
1.1457910176204678e-09
1.1457910176204678e-09
1.1457910176204678e-09
1.1457910176204678e-09
1.1457910176204678e-09
1.1457910176204678e-09
1.1457910176204678e-09
1.145304295846472e-09
1.145304295846472e-09
1.145304295846472e-09
1.145304295846472e-09
1.145304295846472e-09
1.145304295846472e-09
1.145304295846472e-09
1.1274785549630906e-09
1.1274785549630906e-09
1.1055139026439065e-09
1.1055139026439065e-09
1.1048264525470586e-09
1.1048264525470586e-09
1.1048264525470586e-09
1.0881091583314628e-09
1.0881091583314628e-09
1.0872014399865293e-09
1.0872014399865293e-09
1.0872014399865293e-09
1.0871836764181353e-09
1.0871836764181353e-09
1.0871836764181353e-09
1.0871836764181353e-09
1.0871836764181353e-09
1.0871836764181353e-09
1.0871836764181353e-09
1.0871836764181353e-09
1.0871836764181353e-09
1.0871836764181353e-09
1.0871836764181353e-09
1.0871836764181353e-09
1.0871836764181353e-09
1.0871819000612959e-09
1.0871819000612959e-09
1.0871819000612959e-09
1.0871819000612959e-09
1.0871819000612959e-09
1.0871819000612959e-09
1.0871819000612959e-09
1.0871819000612959e-09
1.0871819000612959e-09
1.0871819000612959e-09
1.0871819000612959e-09
1.0871819000612959e-09
6.031850574572672e-10
6.031850574572672e-10
6.031850574572672e-10
6.031850574572672e-10
6.031850574572672e-10
6.031850574572672e-10
6.031815047435884e-10
6.031601884615156e-10
6.03144201249961e-10
6.03144201249961e-10
6.03144201249961e-10
6.03144201249961e-10
6.03144201249961e-10
6.03144201249961e-10
6.03144201249961e-10
6.03144201249961e-10
6.03144201249961e-10
6.03144201249961e-10
6.03144201249961e-10
6.03144201249961e-10
3.398348269456619e-11
2.7558400006455486e-11
2.7558400006455486e-11
2.7558400006455486e-11
2.7558400006455486e-11
2.7558400006455486e-11
2.7558400006455486e-11
2.7558400006455486e-11
2.745004223925207e-11
2.745004223925207e-11
2.745004223925207e-11
2.745004223925207e-11
2.744826588241267e-11
2.744826588241267e-11
2.744826588241267e-11
2.744826588241267e-11
2.744826588241267e-11
2.744826588241267e-11
2.744826588241267e-11
2.744826588241267e-11
2.744826588241267e-11
2.744826588241267e-11
2.744826588241267e-11
2.744826588241267e-11
2.744826588241267e-11
2.744293681189447e-11
1.5273116105163353e-11
1.5273116105163353e-11
1.5273116105163353e-11
1.5273116105163353e-11
1.5273116105163353e-11
1.5273116105163353e-11
1.5221601756820746e-11
1.5221601756820746e-11
1.5221601756820746e-11
1.5221601756820746e-11
1.5221601756820746e-11
1.4848566820546694e-11
1.4848566820546694e-11
1.4848566820546694e-11
1.4848566820546694e-11
1.4848566820546694e-11
1.4848566820546694e-11
1.4848566820546694e-11
1.4848566820546694e-11
1.4848566820546694e-11
1.4848566820546694e-11
1.4848566820546694e-11
1.4848566820546694e-11
1.4848566820546694e-11
1.4848566820546694e-11
1.4848566820546694e-11
1.482902689531329e-11
1.482902689531329e-11
1.482902689531329e-11
1.482902689531329e-11
1.482902689531329e-11
1.482902689531329e-11
1.482902689531329e-11
1.482902689531329e-11
1.482725053847389e-11
1.482725053847389e-11
1.482725053847389e-11
1.305267005591304e-11
1.305267005591304e-11
1.305267005591304e-11
1.3036682844358438e-11
1.3036682844358438e-11
1.3018919275964436e-11
1.3018919275964436e-11
1.3018919275964436e-11
1.3018919275964436e-11
1.3018919275964436e-11
1.3018919275964436e-11
1.3018919275964436e-11
1.3018919275964436e-11
1.2954970429746027e-11
1.2954970429746027e-11
1.2954970429746027e-11
1.2944312288709625e-11
1.6573409311604337e-12
1.6573409311604337e-12
1.6573409311604337e-12
1.6573409311604337e-12
1.6573409311604337e-12
1.6573409311604337e-12
1.6573409311604337e-12
1.6573409311604337e-12
1.6573409311604337e-12
1.6573409311604337e-12
1.6573409311604337e-12
1.6573409311604337e-12
1.6573409311604337e-12
1.6573409311604337e-12
1.6573409311604337e-12
1.6573409311604337e-12
4.973799150320701e-14
4.973799150320701e-14
4.973799150320701e-14
4.973799150320701e-14
4.973799150320701e-14
4.973799150320701e-14
4.973799150320701e-14
4.973799150320701e-14
4.973799150320701e-14
4.973799150320701e-14
4.973799150320701e-14
4.973799150320701e-14
4.973799150320701e-14
4.973799150320701e-14
4.973799150320701e-14
4.973799150320701e-14
4.973799150320701e-14
4.973799150320701e-14
4.973799150320701e-14
4.973799150320701e-14
4.973799150320701e-14
4.973799150320701e-14
3.907985046680551e-14
3.907985046680551e-14
3.907985046680551e-14
3.907985046680551e-14
1.7763568394002505e-15
1.7763568394002505e-15
1.7763568394002505e-15
1.7763568394002505e-15
1.7763568394002505e-15
1.7763568394002505e-15
1.7763568394002505e-15
1.7763568394002505e-15
1.7763568394002505e-15
1.7763568394002505e-15
1.7763568394002505e-15
1.7763568394002505e-15
1.7763568394002505e-15
1.7763568394002505e-15
1.7763568394002505e-15
1.7763568394002505e-15
1.7763568394002505e-15
1.7763568394002505e-15
1.7763568394002505e-15
1.7763568394002505e-15
1.7763568394002505e-15
1.7763568394002505e-15
1.7763568394002505e-15
1.7763568394002505e-15
1.7763568394002505e-15
1.7763568394002505e-15
1.7763568394002505e-15
1.7763568394002505e-15
1.7763568394002505e-15
1.7763568394002505e-15
1.7763568394002505e-15
1.7763568394002505e-15
1.7763568394002505e-15
1.7763568394002505e-15
1.7763568394002505e-15
1.7763568394002505e-15
1.7763568394002505e-15
1.7763568394002505e-15
1.7763568394002505e-15
1.7763568394002505e-15
1.7763568394002505e-15
1.7763568394002505e-15
1.7763568394002505e-15
0.0
0.0
0.0
0.0
0.0
0.0
0.0
0.0
0.0
0.0
0.0
0.0
0.0
0.0
0.0
0.0
0.0
0.0
0.0
0.0
0.0
0.0
0.0
0.0
0.0
0.0
0.0
0.0
0.0
0.0
0.0
0.0
0.0
0.0
0.0
0.0
0.0
0.0
0.0
0.0
0.0
0.0
0.0
0.0
0.0
0.0
0.0
0.0
0.0
0.0
0.0
0.0
0.0
0.0
0.0
0.0
0.0
0.0
0.0
0.0
0.0
0.0
0.0
0.0
0.0
0.0
0.0
0.0
0.0
0.0
0.0
0.0
0.0
0.0
0.0
0.0
0.0
0.0
0.0
0.0
0.0
0.0
0.0
0.0
0.0
0.0
0.0
0.0
0.0
0.0
0.0
0.0
0.0
0.0
0.0
0.0
0.0
0.0
0.0
0.0
0.0
0.0
0.0
0.0
0.0
0.0
0.0
0.0
0.0
0.0
0.0
0.0
0.0
0.0
0.0
0.0
0.0
0.0
0.0
0.0
0.0
0.0
0.0
0.0
0.0
0.0
0.0
0.0
0.0
0.0
0.0
0.0
0.0
0.0
0.0
0.0
0.0
0.0
0.0
0.0
0.0
0.0
0.0
0.0
0.0
0.0
0.0
0.0
0.0
0.0
0.0
0.0
0.0
0.0
0.0
0.0
0.0
0.0
0.0
0.0
0.0
0.0
0.0
0.0
0.0
0.0
0.0
0.0
0.0
0.0
0.0
0.0
0.0
0.0
0.0
0.0
0.0
0.0
0.0
0.0
0.0
0.0
0.0
0.0
0.0
0.0
0.0
0.0
0.0
0.0
0.0
0.0
0.0
0.0
0.0
0.0
0.0
0.0
0.0
0.0
0.0
0.0
0.0
0.0
0.0
0.0
0.0
0.0
0.0
0.0
0.0
0.0
0.0
0.0
0.0
0.0
0.0
0.0
0.0
0.0
0.0
0.0
0.0
0.0
0.0
0.0
0.0
0.0
0.0
0.0
0.0
0.0
0.0
0.0
0.0
0.0
0.0
0.0
0.0
0.0
0.0
0.0
0.0
0.0
0.0
0.0
0.0
0.0
0.0
0.0
0.0
0.0
0.0
0.0
0.0
0.0
0.0
0.0
0.0
0.0
0.0
0.0
0.0
0.0
0.0
0.0
0.0
0.0
0.0
0.0
0.0
0.0
0.0
0.0
0.0
0.0
0.0
0.0
0.0
0.0
0.0
0.0
0.0
0.0
0.0
0.0
0.0
0.0
0.0
0.0
0.0
0.0
0.0
0.0
0.0
0.0
0.0
0.0
0.0
0.0
0.0
0.0
0.0
0.0
0.0
0.0
0.0
0.0
0.0
0.0
0.0
0.0
0.0
0.0
0.0
0.0
0.0
0.0
0.0
0.0
0.0
0.0
0.0
0.0
0.0
0.0
0.0
0.0
0.0
0.0
0.0
0.0
0.0
0.0
0.0
0.0
0.0
0.0
0.0
0.0
0.0
0.0
0.0
0.0
0.0
0.0
0.0
0.0
0.0
0.0
0.0
0.0
0.0
0.0
0.0
0.0
0.0
0.0
0.0
0.0
0.0
0.0
0.0
0.0
0.0
0.0
0.0
0.0
0.0
0.0
0.0
0.0
0.0
0.0
0.0
0.0
0.0
0.0
0.0
0.0
0.0
0.0
0.0
0.0
0.0
0.0
0.0
0.0
0.0
0.0
0.0
0.0
0.0
0.0
0.0
0.0
0.0
0.0
0.0
0.0
0.0
0.0
0.0
0.0
0.0
0.0
0.0
0.0
0.0
0.0
0.0
0.0
0.0
0.0
0.0
0.0
0.0
0.0
0.0
0.0
0.0
0.0
0.0
0.0
0.0
0.0
0.0
0.0
0.0
0.0
0.0
0.0
0.0
0.0
0.0
0.0
0.0
0.0
0.0
0.0
0.0
0.0
0.0
0.0
0.0
0.0
0.0
0.0
0.0
0.0
0.0
0.0
0.0
0.0
0.0
0.0
0.0
0.0
0.0
0.0
0.0
0.0
0.0
0.0
0.0
0.0
0.0
0.0
0.0
0.0
0.0
0.0
0.0
0.0
0.0
0.0
0.0
0.0
0.0
0.0
0.0
0.0
0.0
0.0
0.0
0.0
0.0
0.0
0.0
0.0
0.0
0.0
0.0
0.0
0.0
0.0
0.0
0.0
0.0
0.0
0.0
0.0
0.0
0.0
0.0
0.0
0.0
0.0
0.0
0.0
0.0
0.0
0.0
0.0
0.0
0.0
0.0
0.0
0.0
0.0
0.0
0.0
0.0
0.0
0.0
0.0
0.0
0.0
0.0
0.0
0.0
0.0
0.0
0.0
0.0
0.0
0.0
0.0
0.0
0.0
0.0
0.0
0.0
0.0
0.0
0.0
0.0
0.0
0.0
0.0
0.0
0.0
0.0
0.0
0.0
0.0
0.0
0.0
0.0
0.0
0.0
0.0
0.0
0.0
0.0
0.0
0.0
0.0
0.0
0.0
0.0
0.0
0.0
0.0
0.0
0.0
0.0
0.0
0.0
0.0
0.0
0.0
0.0
0.0
0.0
0.0
0.0
0.0
0.0
0.0
0.0
0.0
0.0
0.0
0.0
0.0
0.0
0.0
0.0
0.0
0.0
0.0
0.0
0.0
0.0
0.0
0.0
0.0
0.0
0.0
0.0
0.0
0.0
0.0
0.0
0.0
0.0
0.0
0.0
0.0
0.0
0.0
0.0
0.0
0.0
0.0
0.0
0.0
0.0
0.0
0.0
0.0
0.0
0.0
0.0
0.0
0.0
0.0
0.0
0.0
0.0
0.0
0.0
0.0
0.0
0.0
0.0
0.0
0.0
0.0
0.0
0.0
0.0
0.0
0.0
0.0
0.0
0.0
0.0
0.0
0.0
0.0
0.0
0.0
0.0
0.0
0.0
0.0
0.0
0.0
0.0
0.0
0.0
0.0
0.0
0.0
0.0
0.0
0.0
0.0
0.0
0.0
0.0
0.0
0.0
0.0
0.0
0.0
0.0
0.0
0.0
0.0
0.0
0.0
0.0
0.0
0.0
0.0
0.0
0.0
0.0
0.0
0.0
0.0
0.0
0.0
0.0
0.0
0.0
0.0
0.0
0.0
0.0
0.0
0.0
0.0
0.0
0.0
0.0
0.0
0.0
0.0
0.0
0.0
0.0
0.0
0.0
0.0
0.0
0.0
0.0
0.0
0.0
0.0
0.0
0.0
0.0
0.0
0.0
0.0
0.0
0.0
0.0
0.0
0.0
0.0
0.0
0.0
0.0
0.0
0.0
0.0
0.0
0.0
0.0
0.0
0.0
0.0
0.0
0.0
0.0
0.0
0.0
0.0
0.0
0.0
0.0
0.0
0.0
0.0
0.0
0.0
0.0
0.0
0.0
0.0
0.0
0.0
0.0
0.0
0.0
0.0
0.0
0.0
0.0
0.0
0.0
0.0
0.0
0.0
0.0
0.0
0.0
0.0
0.0
0.0
0.0
0.0
0.0
0.0
0.0
0.0
0.0
0.0
0.0
0.0
0.0
0.0
0.0
0.0
0.0
0.0
0.0
0.0
0.0
0.0
0.0
0.0
0.0
0.0
0.0
0.0
0.0
0.0
0.0
0.0
0.0
0.0
0.0
0.0
0.0
0.0
0.0
0.0
0.0
0.0
0.0
0.0
0.0
0.0
0.0
0.0
0.0
0.0
0.0
0.0
0.0
0.0
0.0
0.0
0.0
0.0
0.0
0.0
0.0
0.0
0.0
0.0
0.0
0.0
0.0
0.0
0.0
0.0
0.0
0.0
0.0
0.0
0.0
0.0
0.0
0.0
0.0
0.0
0.0
0.0
0.0
0.0
0.0
0.0
0.0
0.0
0.0
0.0
0.0
0.0
0.0
0.0
0.0
0.0
0.0
0.0
0.0
0.0
0.0
0.0
0.0
0.0
0.0
0.0
0.0
0.0
0.0
0.0
0.0
0.0
0.0
0.0
0.0
0.0
0.0
0.0
0.0
0.0
0.0
0.0
0.0
0.0
0.0
0.0
0.0
0.0
0.0
0.0
0.0
0.0
0.0
0.0
0.0
0.0
0.0
0.0
0.0
0.0
0.0
0.0
0.0
0.0
0.0
0.0
0.0
0.0
0.0
0.0
0.0
0.0
0.0
0.0
0.0
0.0
0.0
0.0
0.0
0.0
0.0
0.0
0.0
0.0
0.0
0.0
0.0
0.0
0.0
0.0
0.0
0.0
0.0
0.0
0.0
0.0
0.0
0.0
0.0
0.0
0.0
0.0
0.0
0.0
0.0
0.0
0.0
0.0
0.0
0.0
0.0
0.0
0.0
0.0
0.0
0.0
0.0
0.0
0.0
0.0
0.0
0.0
0.0
0.0
0.0
0.0
0.0
0.0
0.0
0.0
0.0
0.0
0.0
0.0
0.0
0.0
0.0
0.0
0.0
0.0
0.0
0.0
0.0
0.0
0.0
0.0
0.0
0.0
0.0
0.0
0.0
0.0
0.0
0.0
0.0
0.0
0.0
0.0
0.0
0.0
0.0
0.0
0.0
0.0
0.0
0.0
0.0
0.0
0.0
0.0
0.0
0.0
0.0
0.0
0.0
0.0
0.0
0.0
0.0
0.0
0.0
0.0
0.0
0.0
0.0
0.0
0.0
0.0
0.0
0.0
0.0
0.0
0.0
0.0
0.0
0.0
0.0
0.0
0.0
0.0
0.0
0.0
0.0
0.0
0.0
0.0
0.0
0.0
0.0
0.0
0.0
0.0
0.0
0.0
0.0
0.0
0.0
0.0
0.0
0.0
0.0
0.0
0.0
0.0
0.0
0.0
0.0
0.0
0.0
0.0
0.0
0.0
0.0
0.0
0.0
0.0
0.0
0.0
0.0
0.0
0.0
0.0
0.0
0.0
0.0
0.0
0.0
0.0
0.0
0.0
0.0
0.0
0.0
0.0
0.0
0.0
0.0
0.0
0.0
0.0
0.0
0.0
0.0
0.0
0.0
0.0
0.0
0.0
0.0
0.0
0.0
0.0
0.0
0.0
0.0
0.0
0.0
0.0
0.0
0.0
0.0
0.0
0.0
0.0
0.0
0.0
0.0
0.0
0.0
0.0
0.0
0.0
0.0
0.0
0.0
0.0
0.0
0.0
0.0
0.0
0.0
0.0
0.0
0.0
0.0
0.0
0.0
0.0
0.0
0.0
0.0
0.0
0.0
0.0
0.0
0.0
0.0
0.0
0.0
0.0
0.0
0.0
0.0
0.0
0.0
0.0
0.0
0.0
0.0
0.0
0.0
0.0
0.0
0.0
0.0
0.0
0.0
0.0
0.0
0.0
0.0
0.0
0.0
0.0
0.0
0.0
0.0
0.0
0.0
0.0
0.0
0.0
0.0
0.0
0.0
0.0
0.0
0.0
0.0
0.0
0.0
0.0
0.0
0.0
0.0
0.0
0.0
0.0
0.0
0.0
0.0
0.0
0.0
0.0
0.0
0.0
0.0
0.0
0.0
0.0
0.0
0.0
0.0
0.0
0.0
0.0
0.0
0.0
0.0
0.0
0.0
0.0
0.0
0.0
0.0
0.0
0.0
0.0
0.0
0.0
0.0
0.0
0.0
0.0
0.0
0.0
0.0
0.0
0.0
0.0
0.0
0.0
0.0
0.0
0.0
0.0
0.0
0.0
0.0
0.0
0.0
0.0
0.0
0.0
0.0
0.0
0.0
0.0
0.0
0.0
0.0
0.0
0.0
0.0
0.0
0.0
0.0
0.0
0.0
0.0
0.0
0.0
0.0
0.0
0.0
0.0
0.0
0.0
0.0
0.0
0.0
0.0
0.0
0.0
0.0
0.0
0.0
0.0
0.0
0.0
0.0
0.0
0.0
0.0
0.0
0.0
0.0
0.0
0.0
0.0
0.0
0.0
0.0
0.0
0.0
0.0
0.0
0.0
0.0
0.0
0.0
0.0
0.0
0.0
0.0
0.0
0.0
0.0
0.0
0.0
0.0
0.0
0.0
0.0
0.0
0.0
0.0
0.0
0.0
0.0
0.0
0.0
0.0
0.0
0.0
0.0
0.0
0.0
0.0
0.0
0.0
0.0
0.0
0.0
0.0
0.0
0.0
0.0
0.0
0.0
0.0
0.0
0.0
0.0
0.0
0.0
0.0
0.0
0.0
0.0
0.0
0.0
0.0
0.0
0.0
0.0
0.0
0.0
0.0
0.0
0.0
0.0
0.0
0.0
0.0
0.0
0.0
0.0
0.0
0.0
0.0
0.0
0.0
0.0
0.0
0.0
0.0
0.0
0.0
0.0
0.0
0.0
0.0
0.0
0.0
0.0
0.0
0.0
0.0
0.0
0.0
0.0
0.0
0.0
0.0
0.0
0.0
0.0
0.0
0.0
0.0
0.0
0.0
0.0
0.0
0.0
0.0
0.0
0.0
0.0
0.0
0.0
0.0
0.0
0.0
0.0
0.0
0.0
0.0
0.0
0.0
0.0
0.0
0.0
0.0
0.0
0.0
0.0
0.0
0.0
0.0
0.0
0.0
0.0
0.0
0.0
0.0
0.0
0.0
0.0
0.0
0.0
0.0
0.0
0.0
0.0
0.0
0.0
0.0
0.0
0.0
0.0
0.0
0.0
0.0
0.0
0.0
0.0
0.0
0.0
0.0
0.0
0.0
0.0
0.0
0.0
0.0
0.0
0.0
0.0
0.0
0.0
0.0
0.0
0.0
0.0
0.0
0.0
0.0
0.0
0.0
0.0
0.0
0.0
0.0
0.0
0.0
0.0
0.0
0.0
0.0
0.0
0.0
0.0
0.0
0.0
0.0
0.0
0.0
0.0
0.0
0.0
0.0
0.0
0.0
0.0
0.0
0.0
0.0
0.0
0.0
0.0
0.0
0.0
0.0
0.0
0.0
0.0
0.0
0.0
0.0
0.0
0.0
0.0
0.0
0.0
0.0
0.0
0.0
0.0
0.0
0.0
0.0
0.0
0.0
0.0
0.0
0.0
0.0
0.0
0.0
0.0
0.0
0.0
0.0
0.0
0.0
0.0
0.0
0.0
0.0
0.0
0.0
0.0
0.0
0.0
0.0
0.0
0.0
0.0
0.0
0.0
0.0
0.0
0.0
0.0
0.0
0.0
0.0
0.0
0.0
0.0
0.0
0.0
0.0
0.0
0.0
0.0
0.0
0.0
0.0
0.0
0.0
0.0
0.0
0.0
0.0
0.0
0.0
0.0
0.0
0.0
0.0
0.0
0.0
0.0
0.0
0.0
0.0
0.0
0.0
0.0
0.0
0.0
0.0
0.0
0.0
0.0
0.0
0.0
0.0
0.0
0.0
0.0
0.0
0.0
0.0
0.0
0.0
0.0
0.0
0.0
0.0
0.0
0.0
0.0
0.0
0.0
0.0
0.0
0.0
0.0
0.0
0.0
0.0
0.0
0.0
0.0
0.0
0.0
0.0
0.0
0.0
0.0
0.0
0.0
0.0
0.0
0.0
0.0
0.0
0.0
0.0
0.0
0.0
0.0
0.0
0.0
0.0
0.0
0.0
0.0
0.0
0.0
0.0
0.0
0.0
0.0
0.0
0.0
0.0
0.0
0.0
0.0
0.0
0.0
0.0
0.0
0.0
0.0
0.0
0.0
0.0
0.0
0.0
0.0
0.0
0.0
0.0
0.0
0.0
0.0
0.0
0.0
0.0
0.0
0.0
0.0
0.0
0.0
0.0
0.0
0.0
0.0
0.0
0.0
0.0
0.0
0.0
0.0
0.0
0.0
0.0
0.0
0.0
0.0
0.0
0.0
0.0
0.0
0.0
0.0
0.0
0.0
0.0
0.0
0.0
0.0
0.0
0.0
0.0
0.0
0.0
0.0
0.0
0.0
0.0
0.0
0.0
0.0
0.0
0.0
0.0
0.0
0.0
0.0
0.0
0.0
0.0
0.0
0.0
0.0
0.0
0.0
0.0
0.0
0.0
0.0
0.0
0.0
0.0
0.0
0.0
0.0
0.0
0.0
0.0
0.0
0.0
0.0
0.0
0.0
0.0
0.0
0.0
0.0
0.0
0.0
0.0
0.0
0.0
0.0
0.0
0.0
0.0
0.0
0.0
0.0
0.0
0.0
0.0
0.0
0.0
0.0
0.0
0.0
0.0
0.0
0.0
0.0
0.0
0.0
0.0
0.0
0.0
0.0
0.0
0.0
0.0
0.0
0.0
0.0
0.0
0.0
0.0
0.0
0.0
0.0
0.0
0.0
0.0
0.0
0.0
0.0
0.0
0.0
0.0
0.0
0.0
0.0
0.0
0.0
0.0
0.0
0.0
0.0
0.0
0.0
0.0
0.0
0.0
0.0
0.0
0.0
0.0
0.0
0.0
0.0
0.0
0.0
0.0
0.0
0.0
0.0
0.0
0.0
0.0
0.0
0.0
0.0
0.0
0.0
0.0
0.0
0.0
0.0
0.0
0.0
0.0
0.0
0.0
0.0
0.0
0.0
0.0
0.0
0.0
0.0
0.0
0.0
0.0
0.0
0.0
0.0
0.0
0.0
0.0
0.0
0.0
0.0
0.0
0.0
0.0
0.0
0.0
0.0
0.0
0.0
0.0
0.0
0.0
0.0
0.0
0.0
0.0
0.0
0.0
0.0
0.0
0.0
0.0
0.0
0.0
0.0
0.0
0.0
0.0
0.0
0.0
0.0
0.0
0.0
0.0
0.0
0.0
0.0
0.0
0.0
0.0
0.0
0.0
0.0
0.0
0.0
0.0
0.0
0.0
0.0
0.0
0.0
0.0
0.0
0.0
0.0
0.0
0.0
0.0
0.0
0.0
0.0
0.0
0.0
0.0
0.0
0.0
0.0
0.0
0.0
0.0
0.0
0.0
0.0
0.0
0.0
0.0
0.0
0.0
0.0
0.0
0.0
0.0
0.0
0.0
0.0
0.0
0.0
0.0
0.0
0.0
0.0
0.0
0.0
0.0
0.0
0.0
0.0
0.0
0.0
0.0
0.0
0.0
0.0
0.0
0.0
0.0
0.0
0.0
0.0
0.0
0.0
0.0
0.0
0.0
0.0
0.0
0.0
0.0
0.0
0.0
0.0
0.0
0.0
0.0
0.0
0.0
0.0
0.0
0.0
0.0
0.0
0.0
0.0
0.0
0.0
0.0
0.0
0.0
0.0
0.0
0.0
0.0
0.0
0.0
0.0
0.0
0.0
0.0
0.0
0.0
0.0
0.0
0.0
0.0
0.0
0.0
0.0
0.0
0.0
0.0
0.0
0.0
0.0
0.0
0.0
0.0
0.0
0.0
0.0
0.0
0.0
0.0
0.0
0.0
0.0
0.0
0.0
0.0
0.0
0.0
0.0
0.0
0.0
0.0
0.0
0.0
0.0
0.0
0.0
0.0
0.0
0.0
0.0
0.0
0.0
0.0
0.0
0.0
0.0
0.0
0.0
0.0
0.0
0.0
0.0
0.0
0.0
0.0
0.0
0.0
0.0
0.0
0.0
0.0
0.0
0.0
0.0
0.0
0.0
0.0
0.0
0.0
0.0
0.0
0.0
0.0
0.0
0.0
0.0
0.0
0.0
0.0
0.0
0.0
0.0
0.0
0.0
0.0
0.0
0.0
0.0
0.0
0.0
0.0
0.0
0.0
0.0
0.0
0.0
0.0
0.0
0.0
0.0
0.0
0.0
0.0
0.0
0.0
0.0
0.0
0.0
0.0
0.0
0.0
0.0
0.0
0.0
0.0
0.0
0.0
0.0
0.0
0.0
0.0
0.0
0.0
0.0
0.0
0.0
0.0
0.0
0.0
0.0
0.0
0.0
0.0
0.0
0.0
0.0
0.0
0.0
0.0
0.0
0.0
0.0
0.0
0.0
0.0
0.0
0.0
0.0
0.0
0.0
0.0
0.0
0.0
0.0
0.0
0.0
0.0
0.0
0.0
0.0
0.0
0.0
0.0
0.0
0.0
0.0
0.0
0.0
0.0
0.0
0.0
0.0
0.0
0.0
0.0
0.0
0.0
0.0
0.0
0.0
0.0
0.0
0.0
0.0
0.0
0.0
0.0
0.0
0.0
0.0
0.0
0.0
0.0
0.0
0.0
0.0
0.0
0.0
0.0
0.0
0.0
0.0
0.0
0.0
0.0
0.0
0.0
0.0
0.0
0.0
0.0
0.0
0.0
0.0
0.0
0.0
0.0
0.0
0.0
0.0
0.0
0.0
0.0
0.0
0.0
0.0
0.0
0.0
0.0
0.0
0.0
0.0
0.0
0.0
0.0
0.0
0.0
0.0
0.0
0.0
0.0
0.0
0.0
0.0
0.0
0.0
0.0
0.0
0.0
0.0
0.0
0.0
0.0
0.0
0.0
0.0
0.0
0.0
0.0
0.0
0.0
0.0
0.0
0.0
0.0
0.0
0.0
0.0
0.0
0.0
0.0
0.0
0.0
0.0
0.0
0.0
0.0
0.0
0.0
0.0
0.0
0.0
0.0
0.0
0.0
0.0
0.0
0.0
0.0
0.0
0.0
0.0
0.0
0.0
0.0
0.0
0.0
0.0
0.0
0.0
0.0
0.0
0.0
0.0
0.0
0.0
0.0
0.0
0.0
0.0
0.0
0.0
0.0
0.0
0.0
0.0
0.0
0.0
0.0
0.0
0.0
0.0
0.0
0.0
0.0
0.0
0.0
0.0
0.0
0.0
0.0
0.0
0.0
0.0
0.0
0.0
0.0
0.0
0.0
0.0
0.0
0.0
0.0
0.0
0.0
0.0
0.0
0.0
0.0
0.0
0.0
0.0
0.0
0.0
0.0
0.0
0.0
0.0
0.0
0.0
0.0
0.0
0.0
0.0
0.0
0.0
0.0
0.0
0.0
0.0
0.0
0.0
0.0
0.0
0.0
0.0
0.0
0.0
0.0
0.0
0.0
0.0
0.0
0.0
0.0
0.0
0.0
0.0
0.0
0.0
0.0
0.0
0.0
0.0
0.0
0.0
0.0
0.0
0.0
0.0
0.0
0.0
0.0
0.0
0.0
0.0
0.0
0.0
0.0
0.0
0.0
0.0
0.0
0.0
0.0
0.0
0.0
0.0
0.0
0.0
0.0
0.0
0.0
0.0
0.0
0.0
0.0
0.0
0.0
0.0
0.0
0.0
0.0
0.0
0.0
0.0
0.0
0.0
0.0
0.0
0.0
0.0
0.0
0.0
0.0
0.0
0.0
0.0
0.0
0.0
0.0
0.0
0.0
0.0
0.0
0.0
0.0
0.0
0.0
0.0
0.0
0.0
0.0
0.0
0.0
0.0
0.0
0.0
0.0
0.0
0.0
0.0
0.0
0.0
0.0
0.0
0.0
0.0
0.0
0.0
0.0
0.0
0.0
0.0
0.0
0.0
0.0
0.0
0.0
0.0
0.0
0.0
0.0
0.0
0.0
0.0
0.0
0.0
0.0
0.0
0.0
0.0
0.0
0.0
0.0
0.0
0.0
0.0
0.0
0.0
0.0
0.0
0.0
0.0
0.0
0.0
0.0
0.0
0.0
0.0
0.0
0.0
0.0
0.0
0.0
0.0
0.0
0.0
0.0
0.0
0.0
0.0
0.0
0.0
0.0
0.0
0.0
0.0
0.0
0.0
0.0
0.0
0.0
0.0
0.0
0.0
0.0
0.0
0.0
0.0
0.0
0.0
0.0
0.0
0.0
0.0
0.0
0.0
0.0
0.0
0.0
0.0
0.0
0.0
0.0
0.0
0.0
0.0
0.0
0.0
0.0
0.0
0.0
0.0
0.0
0.0
0.0
0.0
0.0
0.0
0.0
0.0
0.0
0.0
0.0
0.0
0.0
0.0
0.0
0.0
0.0
0.0
0.0
0.0
0.0
0.0
0.0
0.0
0.0
0.0
0.0
0.0
0.0
0.0
0.0
0.0
0.0
0.0
0.0
0.0
0.0
0.0
0.0
0.0
0.0
0.0
0.0
0.0
0.0
0.0
0.0
0.0
0.0
0.0
0.0
0.0
0.0
0.0
0.0
0.0
0.0
0.0
0.0
0.0
0.0
0.0
0.0
0.0
0.0
0.0
0.0
0.0
0.0
0.0
0.0
0.0
0.0
0.0
0.0
0.0
0.0
0.0
0.0
0.0
0.0
0.0
0.0
0.0
0.0
0.0
0.0
0.0
0.0
0.0
0.0
0.0
0.0
0.0
0.0
0.0
0.0
0.0
0.0
0.0
0.0
0.0
0.0
0.0
0.0
0.0
0.0
0.0
0.0
0.0
0.0
0.0
0.0
0.0
0.0
0.0
0.0
0.0
0.0
0.0
0.0
0.0
0.0
0.0
0.0
0.0
0.0
0.0
0.0
0.0
0.0
0.0
0.0
0.0
0.0
0.0
0.0
0.0
0.0
0.0
0.0
0.0
0.0
0.0
0.0
0.0
0.0
0.0
0.0
0.0
0.0
0.0
0.0
0.0
0.0
0.0
0.0
0.0
0.0
0.0
0.0
0.0
0.0
0.0
0.0
0.0
0.0
0.0
0.0
0.0
0.0
0.0
0.0
0.0
0.0
0.0
0.0
0.0
0.0
0.0
0.0
0.0
0.0
0.0
0.0
0.0
0.0
0.0
0.0
0.0
0.0
0.0
0.0
0.0
0.0
0.0
0.0
0.0
0.0
0.0
0.0
0.0
0.0
0.0
0.0
0.0
0.0
0.0
0.0
0.0
0.0
0.0
0.0
0.0
0.0
0.0
0.0
0.0
0.0
0.0
0.0
0.0
0.0
0.0
0.0
0.0
0.0
0.0
0.0
0.0
0.0
0.0
0.0
0.0
0.0
0.0
0.0
0.0
0.0
0.0
0.0
0.0
0.0
0.0
0.0
0.0
0.0
0.0
0.0
0.0
0.0
0.0
0.0
0.0
0.0
0.0
0.0
0.0
0.0
0.0
0.0
0.0
0.0
0.0
0.0
0.0
0.0
0.0
0.0
0.0
0.0
0.0
0.0
0.0
0.0
0.0
0.0
0.0
0.0
0.0
0.0
0.0
0.0
0.0
0.0
0.0
0.0
0.0
0.0
0.0
0.0
0.0
0.0
0.0
0.0
0.0
0.0
0.0
0.0
0.0
0.0
0.0
0.0
0.0
0.0
0.0
0.0
0.0
0.0
0.0
0.0
0.0
0.0
0.0
0.0
0.0
0.0
0.0
0.0
0.0
0.0
0.0
0.0
0.0
0.0
0.0
0.0
0.0
0.0
0.0
0.0
0.0
0.0
0.0
0.0
0.0
0.0
0.0
0.0
0.0
0.0
0.0
0.0
0.0
0.0
0.0
0.0
0.0
0.0
0.0
0.0
0.0
0.0
0.0
0.0
0.0
0.0
0.0
0.0
0.0
0.0
0.0
0.0
0.0
0.0
0.0
0.0
0.0
0.0
0.0
0.0
0.0
0.0
0.0
0.0
0.0
0.0
0.0
0.0
0.0
0.0
0.0
0.0
0.0
0.0
0.0
0.0
0.0
0.0
0.0
0.0
0.0
0.0
0.0
0.0
0.0
0.0
0.0
0.0
0.0
0.0
0.0
0.0
0.0
0.0
0.0
0.0
0.0
0.0
0.0
0.0
0.0
0.0
0.0
0.0
0.0
0.0
0.0
0.0
0.0
0.0
0.0
0.0
0.0
0.0
0.0
0.0
0.0
0.0
0.0
0.0
0.0
0.0
0.0
0.0
0.0
0.0
0.0
0.0
0.0
0.0
0.0
0.0
0.0
0.0
0.0
0.0
0.0
0.0
0.0
0.0
0.0
0.0
0.0
0.0
0.0
0.0
0.0
0.0
0.0
0.0
0.0
0.0
0.0
0.0
0.0
0.0
0.0
0.0
0.0
0.0
0.0
0.0
0.0
0.0
0.0
0.0
0.0
0.0
0.0
0.0
0.0
0.0
0.0
0.0
0.0
0.0
0.0
0.0
0.0
0.0
0.0
0.0
0.0
0.0
0.0
0.0
0.0
0.0
0.0
0.0
0.0
0.0
0.0
0.0
0.0
0.0
0.0
0.0
0.0
0.0
0.0
0.0
0.0
0.0
0.0
0.0
0.0
0.0
0.0
0.0
0.0
0.0
0.0
0.0
0.0
0.0
0.0
0.0
0.0
0.0
0.0
0.0
0.0
0.0
0.0
0.0
0.0
0.0
0.0
0.0
0.0
0.0
0.0
0.0
0.0
0.0
0.0
0.0
0.0
0.0
0.0
0.0
0.0
0.0
0.0
0.0
0.0
0.0
0.0
0.0
0.0
0.0
0.0
0.0
0.0
0.0
0.0
0.0
0.0
0.0
0.0
0.0
0.0
0.0
0.0
0.0
0.0
0.0
0.0
0.0
0.0
0.0
0.0
0.0
0.0
0.0
0.0
0.0
0.0
0.0
0.0
0.0
0.0
0.0
0.0
0.0
0.0
0.0
0.0
0.0
0.0
0.0
0.0
0.0
0.0
0.0
0.0
0.0
0.0
0.0
0.0
0.0
0.0
0.0
0.0
0.0
0.0
0.0
0.0
0.0
0.0
0.0
0.0
0.0
0.0
0.0
0.0
0.0
0.0
0.0
0.0
0.0
0.0
0.0
0.0
0.0
0.0
0.0
0.0
0.0
0.0
0.0
0.0
0.0
0.0
0.0
0.0
0.0
0.0
0.0
0.0
0.0
0.0
0.0
0.0
0.0
0.0
0.0
0.0
0.0
0.0
0.0
0.0
0.0
0.0
0.0
0.0
0.0
0.0
0.0
0.0
0.0
0.0
0.0
0.0
0.0
0.0
0.0
0.0
0.0
0.0
0.0
0.0
0.0
0.0
0.0
0.0
0.0
0.0
0.0
0.0
0.0
0.0
0.0
0.0
0.0
0.0
0.0
0.0
0.0
0.0
0.0
0.0
0.0
0.0
0.0
0.0
0.0
0.0
0.0
0.0
0.0
0.0
0.0
0.0
0.0
0.0
0.0
0.0
0.0
0.0
0.0
0.0
0.0
0.0
0.0
0.0
0.0
0.0
0.0
0.0
0.0
0.0
0.0
0.0
0.0
0.0
0.0
0.0
0.0
0.0
0.0
0.0
0.0
0.0
0.0
0.0
0.0
0.0
0.0
0.0
0.0
0.0
0.0
0.0
0.0
0.0
0.0
0.0
0.0
0.0
0.0
0.0
0.0
0.0
0.0
0.0
0.0
0.0
0.0
0.0
0.0
0.0
0.0
0.0
0.0
0.0
0.0
0.0
0.0
0.0
0.0
0.0
0.0
0.0
0.0
0.0
0.0
0.0
0.0
0.0
0.0
0.0
0.0
0.0
0.0
0.0
0.0
0.0
0.0
0.0
0.0
0.0
0.0
0.0
0.0
0.0
0.0
0.0
0.0
0.0
0.0
0.0
0.0
0.0
0.0
0.0
0.0
0.0
0.0
0.0
0.0
0.0
0.0
0.0
0.0
0.0
0.0
0.0
0.0
0.0
0.0
0.0
0.0
0.0
0.0
0.0
0.0
0.0
0.0
0.0
0.0
0.0
0.0
0.0
0.0
0.0
0.0
0.0
0.0
0.0
0.0
0.0
0.0
0.0
0.0
0.0
0.0
0.0
0.0
0.0
0.0
0.0
0.0
0.0
0.0
0.0
0.0
0.0
0.0
0.0
0.0
0.0
0.0
0.0
0.0
0.0
0.0
0.0
0.0
0.0
0.0
0.0
0.0
0.0
0.0
0.0
0.0
0.0
0.0
0.0
0.0
0.0
0.0
0.0
0.0
0.0
0.0
0.0
0.0
0.0
0.0
0.0
0.0
0.0
0.0
0.0
0.0
0.0
0.0
0.0
0.0
0.0
0.0
0.0
0.0
0.0
0.0
0.0
0.0
0.0
0.0
0.0
0.0
0.0
0.0
0.0
0.0
0.0
0.0
0.0
0.0
0.0
0.0
0.0
0.0
0.0
0.0
0.0
0.0
0.0
0.0
0.0
0.0
0.0
0.0
0.0
0.0
0.0
0.0
0.0
0.0
0.0
0.0
0.0
0.0
0.0
0.0
0.0
0.0
0.0
0.0
0.0
0.0
0.0
0.0
0.0
0.0
0.0
0.0
0.0
0.0
0.0
0.0
0.0
0.0
0.0
0.0
0.0
0.0
0.0
0.0
0.0
0.0
0.0
0.0
0.0
0.0
0.0
0.0
0.0
0.0
0.0
0.0
0.0
0.0
0.0
0.0
0.0
0.0
0.0
0.0
0.0
0.0
0.0
0.0
0.0
0.0
0.0
0.0
0.0
0.0
0.0
0.0
0.0
0.0
0.0
0.0
0.0
0.0
0.0
0.0
0.0
0.0
0.0
0.0
0.0
0.0
0.0
0.0
0.0
0.0
0.0
0.0
0.0
0.0
0.0
0.0
0.0
0.0
0.0
0.0
0.0
0.0
0.0
0.0
0.0
0.0
0.0
0.0
0.0
0.0
0.0
0.0
0.0
0.0
0.0
0.0
0.0
0.0
0.0
0.0
0.0
0.0
0.0
0.0
0.0
0.0
0.0
0.0
0.0
0.0
0.0
0.0
0.0
0.0
0.0
0.0
0.0
0.0
0.0
0.0
0.0
0.0
0.0
0.0
0.0
0.0
0.0
0.0
0.0
0.0
0.0
0.0
0.0
0.0
0.0
0.0
0.0
0.0
0.0
0.0
0.0
0.0
0.0
0.0
0.0
0.0
0.0
0.0
0.0
0.0
0.0
0.0
0.0
0.0
0.0
0.0
0.0
0.0
0.0
0.0
0.0
0.0
0.0
0.0
0.0
0.0
0.0
0.0
0.0
0.0
0.0
0.0
0.0
0.0
0.0
0.0
0.0
0.0
0.0
0.0
0.0
0.0
0.0
0.0
0.0
0.0
0.0
0.0
0.0
0.0
0.0
0.0
0.0
0.0
0.0
0.0
0.0
0.0
0.0
0.0
0.0
0.0
0.0
0.0
0.0
0.0
0.0
0.0
0.0
0.0
0.0
0.0
0.0
0.0
0.0
0.0
0.0
0.0
0.0
0.0
0.0
0.0
0.0
0.0
0.0
0.0
0.0
0.0
0.0
0.0
0.0
0.0
0.0
0.0
0.0
0.0
0.0
0.0
0.0
0.0
0.0
0.0
0.0
0.0
0.0
0.0
0.0
0.0
0.0
0.0
0.0
0.0
0.0
0.0
0.0
0.0
0.0
0.0
0.0
0.0
0.0
0.0
0.0
0.0
0.0
0.0
0.0
0.0
0.0
0.0
0.0
0.0
0.0
0.0
0.0
0.0
0.0
0.0
0.0
0.0
0.0
0.0
0.0
0.0
0.0
0.0
0.0
0.0
0.0
0.0
0.0
0.0
0.0
0.0
0.0
0.0
0.0
0.0
0.0
0.0
0.0
0.0
0.0
0.0
0.0
0.0
0.0
0.0
0.0
0.0
0.0
0.0
0.0
0.0
0.0
0.0
0.0
0.0
0.0
0.0
0.0
0.0
0.0
0.0
0.0
0.0
0.0
0.0
0.0
0.0
0.0
0.0
0.0
0.0
0.0
0.0
0.0
0.0
0.0
0.0
0.0
0.0
0.0
0.0
0.0
0.0
0.0
0.0
0.0
0.0
0.0
0.0
0.0
0.0
0.0
0.0
0.0
0.0
0.0
0.0
0.0
0.0
0.0
0.0
0.0
0.0
0.0
0.0
0.0
0.0
0.0
0.0
0.0
0.0
0.0
0.0
0.0
0.0
0.0
0.0
0.0
0.0
0.0
0.0
0.0
0.0
0.0
0.0
0.0
0.0
0.0
0.0
0.0
0.0
0.0
0.0
0.0
0.0
0.0
0.0
0.0
0.0
0.0
0.0
0.0
0.0
0.0
0.0
0.0
0.0
0.0
0.0
0.0
0.0
0.0
0.0
0.0
0.0
0.0
0.0
0.0
0.0
0.0
0.0
0.0
0.0
0.0
0.0
0.0
0.0
0.0
0.0
0.0
0.0
0.0
0.0
0.0
0.0
0.0
0.0
0.0
0.0
0.0
0.0
0.0
0.0
0.0
0.0
0.0
0.0
0.0
0.0
0.0
0.0
0.0
0.0
0.0
0.0
0.0
0.0
0.0
0.0
0.0
0.0
0.0
0.0
0.0
0.0
0.0
0.0
0.0
0.0
0.0
0.0
0.0
0.0
0.0
0.0
0.0
0.0
0.0
0.0
0.0
0.0
0.0
0.0
0.0
0.0
0.0
0.0
0.0
0.0
0.0
0.0
0.0
0.0
0.0
0.0
0.0
0.0
0.0
0.0
0.0
0.0
0.0
0.0
0.0
0.0
0.0
0.0
0.0
0.0
0.0
0.0
0.0
0.0
0.0
0.0
0.0
0.0
0.0
0.0
0.0
0.0
0.0
0.0
0.0
0.0
0.0
0.0
0.0
0.0
0.0
0.0
0.0
0.0
0.0
0.0
0.0
0.0
0.0
0.0
0.0
0.0
0.0
0.0
0.0
0.0
0.0
0.0
0.0
0.0
0.0
0.0
0.0
0.0
0.0
0.0
0.0
0.0
0.0
0.0
0.0
0.0
0.0
0.0
0.0
0.0
0.0
0.0
0.0
0.0
0.0
0.0
0.0
0.0
0.0
0.0
0.0
0.0
0.0
0.0
0.0
0.0
0.0
0.0
0.0
0.0
0.0
0.0
0.0
0.0
0.0
0.0
0.0
0.0
0.0
0.0
0.0
0.0
0.0
0.0
0.0
0.0
0.0
0.0
0.0
0.0
0.0
0.0
0.0
0.0
0.0
0.0
0.0
0.0
0.0
0.0
0.0
0.0
0.0
0.0
0.0
0.0
0.0
0.0
0.0
0.0
0.0
0.0
0.0
0.0
0.0
0.0
0.0
0.0
0.0
0.0
0.0
0.0
0.0
0.0
0.0
0.0
0.0
0.0
0.0
0.0
0.0
0.0
0.0
0.0
0.0
0.0
0.0
0.0
0.0
0.0
0.0
0.0
0.0
0.0
0.0
0.0
0.0
0.0
0.0
0.0
0.0
0.0
0.0
0.0
0.0
0.0
0.0
0.0
0.0
0.0
0.0
0.0
0.0
0.0
0.0
0.0
0.0
0.0
0.0
0.0
0.0
0.0
0.0
0.0
0.0
0.0
0.0
0.0
0.0
0.0
0.0
0.0
0.0
0.0
0.0
0.0
0.0
0.0
0.0
0.0
0.0
0.0
0.0
0.0
0.0
0.0
0.0
0.0
0.0
0.0
0.0
0.0
0.0
0.0
0.0
0.0
0.0
0.0
0.0
0.0
0.0
0.0
0.0
0.0
0.0
0.0
0.0
0.0
0.0
0.0
0.0
0.0
0.0
0.0
0.0
0.0
0.0
0.0
0.0
0.0
0.0
0.0
0.0
0.0
0.0
0.0
0.0
0.0
0.0
0.0
0.0
0.0
0.0
0.0
0.0
0.0
0.0
0.0
0.0
0.0
0.0
0.0
0.0
0.0
0.0
0.0
0.0
0.0
0.0
0.0
0.0
0.0
0.0
0.0
0.0
0.0
0.0
0.0
0.0
0.0
0.0
0.0
0.0
0.0
0.0
0.0
0.0
0.0
0.0
0.0
0.0
0.0
0.0
0.0
0.0
0.0
0.0
0.0
0.0
0.0
0.0
0.0
0.0
0.0
0.0
0.0
0.0
0.0
0.0
0.0
0.0
0.0
0.0
0.0
0.0
0.0
0.0
0.0
0.0
0.0
0.0
0.0
0.0
0.0
0.0
0.0
0.0
0.0
0.0
0.0
0.0
0.0
0.0
0.0
0.0
0.0
0.0
0.0
0.0
0.0
0.0
0.0
0.0
0.0
0.0
0.0
0.0
0.0
0.0
0.0
0.0
0.0
0.0
0.0
0.0
0.0
0.0
0.0
0.0
0.0
0.0
0.0
0.0
0.0
0.0
0.0
0.0
0.0
0.0
0.0
0.0
0.0
0.0
0.0
0.0
0.0
0.0
0.0
0.0
0.0
0.0
0.0
0.0
0.0
0.0
0.0
0.0
0.0
0.0
0.0
0.0
0.0
0.0
0.0
0.0
0.0
0.0
0.0
0.0
0.0
0.0
0.0
0.0
0.0
0.0
0.0
0.0
0.0
0.0
0.0
0.0
0.0
0.0
0.0
0.0
0.0
0.0
0.0
0.0
0.0
0.0
0.0
0.0
0.0
0.0
0.0
0.0
0.0
0.0
0.0
0.0
0.0
0.0
0.0
0.0
0.0
0.0
0.0
0.0
0.0
0.0
0.0
0.0
0.0
0.0
0.0
0.0
0.0
0.0
0.0
0.0
0.0
0.0
0.0
0.0
0.0
0.0
0.0
0.0
0.0
0.0
0.0
0.0
0.0
0.0
0.0
0.0
0.0
0.0
0.0
0.0
0.0
0.0
0.0
0.0
0.0
0.0
0.0
0.0
0.0
0.0
0.0
0.0
0.0
0.0
0.0
0.0
0.0
0.0
0.0
0.0
0.0
0.0
0.0
0.0
0.0
0.0
0.0
0.0
0.0
0.0
0.0
0.0
0.0
0.0
0.0
0.0
0.0
0.0
0.0
0.0
0.0
0.0
0.0
0.0
0.0
0.0
0.0
0.0
0.0
0.0
0.0
0.0
0.0
0.0
0.0
0.0
0.0
0.0
0.0
0.0
0.0
0.0
0.0
0.0
0.0
0.0
0.0
0.0
0.0
0.0
0.0
0.0
0.0
0.0
0.0
0.0
0.0
0.0
0.0
0.0
0.0
0.0
0.0
0.0
0.0
0.0
0.0
0.0
0.0
0.0
0.0
0.0
0.0
0.0
0.0
0.0
0.0
0.0
0.0
0.0
0.0
0.0
0.0
0.0
0.0
0.0
0.0
0.0
0.0
0.0
0.0
0.0
0.0
0.0
0.0
0.0
0.0
0.0
0.0
0.0
0.0
0.0
0.0
0.0
0.0
0.0
0.0
0.0
0.0
0.0
0.0
0.0
0.0
0.0
0.0
0.0
0.0
0.0
0.0
0.0
0.0
0.0
0.0
0.0
0.0
0.0
0.0
0.0
0.0
0.0
0.0
0.0
0.0
0.0
0.0
0.0
0.0
0.0
0.0
0.0
0.0
0.0
0.0
0.0
0.0
0.0
0.0
0.0
0.0
0.0
0.0
0.0
0.0
0.0
0.0
0.0
0.0
0.0
0.0
0.0
0.0
0.0
0.0
0.0
0.0
0.0
0.0
0.0
0.0
0.0
0.0
0.0
0.0
0.0
0.0
0.0
0.0
0.0
0.0
0.0
0.0
0.0
0.0
0.0
0.0
0.0
0.0
0.0
0.0
0.0
0.0
0.0
0.0
0.0
0.0
0.0
0.0
0.0
0.0
0.0
0.0
0.0
0.0
0.0
0.0
0.0
0.0
0.0
0.0
0.0
0.0
0.0
0.0
0.0
0.0
0.0
0.0
0.0
0.0
0.0
0.0
0.0
0.0
0.0
0.0
0.0
0.0
0.0
0.0
0.0
0.0
0.0
0.0
0.0
0.0
0.0
0.0
0.0
0.0
0.0
0.0
0.0
0.0
0.0
0.0
0.0
0.0
0.0
0.0
0.0
0.0
0.0
0.0
0.0
0.0
0.0
0.0
0.0
0.0
0.0
0.0
0.0
0.0
0.0
0.0
0.0
0.0
0.0
0.0
0.0
0.0
0.0
0.0
0.0
0.0
0.0
0.0
0.0
0.0
0.0
0.0
0.0
0.0
0.0
0.0
0.0
0.0
0.0
0.0
0.0
0.0
0.0
0.0
0.0
0.0
0.0
0.0
0.0
0.0
0.0
0.0
0.0
0.0
0.0
0.0
0.0
0.0
0.0
0.0
0.0
0.0
0.0
0.0
0.0
0.0
0.0
0.0
0.0
0.0
0.0
0.0
0.0
0.0
0.0
0.0
0.0
0.0
0.0
0.0
0.0
0.0
0.0
0.0
0.0
0.0
0.0
0.0
0.0
0.0
0.0
0.0
0.0
0.0
0.0
0.0
0.0
0.0
0.0
0.0
0.0
0.0
0.0
0.0
0.0
0.0
0.0
0.0
0.0
0.0
0.0
0.0
0.0
0.0
0.0
0.0
0.0
0.0
0.0
0.0
0.0
0.0
0.0
0.0
0.0
0.0
0.0
0.0
0.0
0.0
0.0
0.0
0.0
0.0
0.0
0.0
0.0
0.0
0.0
0.0
0.0
0.0
0.0
0.0
0.0
0.0
0.0
0.0
0.0
0.0
0.0
0.0
0.0
0.0
0.0
0.0
0.0
0.0
0.0
0.0
0.0
0.0
0.0
0.0
0.0
0.0
0.0
0.0
0.0
0.0
0.0
0.0
0.0
0.0
0.0
0.0
0.0
0.0
0.0
0.0
0.0
0.0
0.0
0.0
0.0
0.0
0.0
0.0
0.0
0.0
0.0
0.0
0.0
0.0
0.0
0.0
0.0
0.0
0.0
0.0
0.0
0.0
0.0
0.0
0.0
0.0
0.0
0.0
0.0
0.0
0.0
0.0
0.0
0.0
0.0
0.0
0.0
0.0
0.0
0.0
0.0
0.0
0.0
0.0
0.0
0.0
0.0
0.0
0.0
0.0
0.0
0.0
0.0
0.0
0.0
0.0
0.0
0.0
0.0
0.0
0.0
0.0
0.0
0.0
0.0
0.0
0.0
0.0
0.0
0.0
0.0
0.0
0.0
0.0
0.0
0.0
0.0
0.0
0.0
0.0
0.0
0.0
0.0
0.0
0.0
0.0
0.0
0.0
0.0
0.0
0.0
0.0
0.0
0.0
0.0
0.0
0.0
0.0
0.0
0.0
0.0
0.0
0.0
0.0
0.0
0.0
0.0
0.0
0.0
0.0
0.0
0.0
0.0
0.0
0.0
0.0
0.0
0.0
0.0
0.0
0.0
0.0
0.0
0.0
0.0
0.0
0.0
0.0
0.0
0.0
0.0
0.0
0.0
0.0
0.0
0.0
0.0
0.0
0.0
0.0
0.0
0.0
0.0
0.0
0.0
0.0
0.0
0.0
0.0
0.0
0.0
0.0
0.0
0.0
0.0
0.0
0.0
0.0
0.0
0.0
0.0
0.0
0.0
0.0
0.0
0.0
0.0
0.0
0.0
0.0
0.0
0.0
0.0
0.0
0.0
0.0
0.0
0.0
0.0
0.0
0.0
0.0
0.0
0.0
0.0
0.0
0.0
0.0
0.0
0.0
0.0
0.0
0.0
0.0
0.0
0.0
0.0
0.0
0.0
0.0
0.0
0.0
0.0
0.0
0.0
0.0
0.0
0.0
0.0
0.0
0.0
0.0
0.0
0.0
0.0
0.0
0.0
0.0
0.0
0.0
0.0
0.0
0.0
0.0
0.0
0.0
0.0
0.0
0.0
0.0
0.0
0.0
0.0
0.0
0.0
0.0
0.0
0.0
0.0
0.0
0.0
0.0
0.0
0.0
0.0
0.0
0.0
0.0
0.0
0.0
0.0
0.0
0.0
0.0
0.0
0.0
0.0
0.0
0.0
0.0
0.0
0.0
0.0
0.0
0.0
0.0
0.0
0.0
0.0
0.0
0.0
0.0
0.0
0.0
0.0
0.0
0.0
0.0
0.0
0.0
0.0
0.0
0.0
0.0
0.0
0.0
0.0
0.0
0.0
0.0
0.0
0.0
0.0
0.0
0.0
0.0
0.0
0.0
0.0
0.0
0.0
0.0
0.0
0.0
0.0
0.0
0.0
0.0
0.0
0.0
0.0
0.0
0.0
0.0
0.0
0.0
0.0
0.0
0.0
0.0
0.0
0.0
0.0
0.0
0.0
0.0
0.0
0.0
0.0
0.0
0.0
0.0
0.0
0.0
0.0
0.0
0.0
0.0
0.0
0.0
0.0
0.0
0.0
0.0
0.0
0.0
0.0
0.0
0.0
0.0
0.0
0.0
0.0
0.0
0.0
0.0
0.0
0.0
0.0
0.0
0.0
0.0
0.0
0.0
0.0
0.0
0.0
0.0
0.0
0.0
0.0
0.0
0.0
0.0
0.0
0.0
0.0
0.0
0.0
0.0
0.0
0.0
0.0
0.0
0.0
0.0
0.0
0.0
0.0
0.0
0.0
0.0
0.0
0.0
0.0
0.0
0.0
0.0
0.0
0.0
0.0
0.0
0.0
0.0
0.0
0.0
0.0
0.0
0.0
0.0
0.0
0.0
0.0
0.0
0.0
0.0
0.0
0.0
0.0
0.0
0.0
0.0
0.0
0.0
0.0
0.0
0.0
0.0
0.0
0.0
0.0
0.0
0.0
0.0
0.0
0.0
0.0
0.0
0.0
0.0
0.0
0.0
0.0
0.0
0.0
0.0
0.0
0.0
0.0
0.0
0.0
0.0
0.0
0.0
0.0
0.0
0.0
0.0
0.0
0.0
0.0
0.0
0.0
0.0
0.0
0.0
0.0
0.0
0.0
0.0
0.0
0.0
0.0
0.0
0.0
0.0
0.0
0.0
0.0
0.0
0.0
0.0
0.0
0.0
0.0
0.0
0.0
0.0
0.0
0.0
0.0
0.0
0.0
0.0
0.0
0.0
0.0
0.0
0.0
0.0
0.0
0.0
0.0
0.0
0.0
0.0
0.0
0.0
0.0
0.0
0.0
0.0
0.0
0.0
0.0
0.0
0.0
0.0
0.0
0.0
0.0
0.0
0.0
0.0
0.0
0.0
0.0
0.0
0.0
0.0
0.0
0.0
0.0
0.0
0.0
0.0
0.0
0.0
0.0
0.0
0.0
0.0
0.0
0.0
0.0
0.0
0.0
0.0
0.0
0.0
0.0
0.0
0.0
0.0
0.0
0.0
0.0
0.0
0.0
0.0
0.0
0.0
0.0
0.0
0.0
0.0
0.0
0.0
0.0
0.0
0.0
0.0
0.0
0.0
0.0
0.0
0.0
0.0
0.0
0.0
0.0
0.0
0.0
0.0
0.0
0.0
0.0
0.0
0.0
0.0
0.0
0.0
0.0
0.0
0.0
0.0
0.0
0.0
0.0
0.0
0.0
0.0
0.0
0.0
0.0
0.0
0.0
0.0
0.0
0.0
0.0
0.0
0.0
0.0
0.0
0.0
0.0
0.0
0.0
0.0
0.0
0.0
0.0
0.0
0.0
0.0
0.0
0.0
0.0
0.0
0.0
0.0
0.0
0.0
0.0
0.0
0.0
0.0
0.0
0.0
0.0
0.0
0.0
0.0
0.0
0.0
0.0
0.0
0.0
0.0
0.0
0.0
0.0
0.0
0.0
0.0
0.0
0.0
0.0
0.0
0.0
0.0
0.0
0.0
0.0
0.0
0.0
0.0
0.0
0.0
0.0
0.0
0.0
0.0
0.0
0.0
0.0
0.0
0.0
0.0
0.0
0.0
0.0
0.0
0.0
0.0
0.0
0.0
0.0
0.0
0.0
0.0
0.0
0.0
0.0
0.0
0.0
0.0
0.0
0.0
0.0
0.0
0.0
0.0
0.0
0.0
0.0
0.0
0.0
0.0
0.0
0.0
0.0
0.0
0.0
0.0
0.0
0.0
0.0
0.0
0.0
0.0
0.0
0.0
0.0
0.0
0.0
0.0
0.0
0.0
0.0
0.0
0.0
0.0
0.0
0.0
0.0
0.0
0.0
0.0
0.0
0.0
0.0
0.0
0.0
0.0
0.0
0.0
0.0
0.0
0.0
0.0
0.0
0.0
0.0
0.0
0.0
0.0
0.0
0.0
0.0
0.0
0.0
0.0
0.0
0.0
0.0
0.0
0.0
0.0
0.0
0.0
0.0
0.0
0.0
0.0
0.0
0.0
0.0
0.0
0.0
0.0
0.0
0.0
0.0
0.0
0.0
0.0
0.0
0.0
0.0
0.0
0.0
0.0
0.0
0.0
0.0
0.0
0.0
0.0
0.0
0.0
0.0
0.0
0.0
0.0
0.0
0.0
0.0
0.0
0.0
0.0
0.0
0.0
0.0
0.0
0.0
0.0
0.0
0.0
0.0
0.0
0.0
0.0
0.0
0.0
0.0
0.0
0.0
0.0
0.0
0.0
0.0
0.0
0.0
0.0
0.0
0.0
0.0
0.0
0.0
0.0
0.0
0.0
0.0
0.0
0.0
0.0
0.0
0.0
0.0
0.0
0.0
0.0
0.0
0.0
0.0
0.0
0.0
0.0
0.0
0.0
0.0
0.0
0.0
0.0
0.0
0.0
0.0
0.0
0.0
0.0
0.0
0.0
0.0
0.0
0.0
0.0
0.0
0.0
0.0
0.0
0.0
0.0
0.0
0.0
0.0
0.0
0.0
0.0
0.0
0.0
0.0
0.0
0.0
0.0
0.0
0.0
0.0
0.0
0.0
0.0
0.0
0.0
0.0
0.0
0.0
0.0
0.0
0.0
0.0
0.0
0.0
0.0
0.0
0.0
0.0
0.0
0.0
0.0
0.0
0.0
0.0
0.0
0.0
0.0
0.0
0.0
0.0
0.0
0.0
0.0
0.0
0.0
0.0
0.0
0.0
0.0
0.0
0.0
0.0
0.0
0.0
0.0
0.0
0.0
0.0
0.0
0.0
0.0
0.0
0.0
0.0
0.0
0.0
0.0
0.0
0.0
0.0
0.0
0.0
0.0
0.0
0.0
0.0
0.0
0.0
0.0
0.0
0.0
0.0
0.0
0.0
0.0
0.0
0.0
0.0
0.0
0.0
0.0
0.0
0.0
0.0
0.0
0.0
0.0
0.0
0.0
0.0
0.0
0.0
0.0
0.0
0.0
0.0
0.0
0.0
0.0
0.0
0.0
0.0
0.0
0.0
0.0
0.0
0.0
0.0
0.0
0.0
0.0
0.0
0.0
0.0
0.0
0.0
0.0
0.0
0.0
0.0
0.0
0.0
0.0
0.0
0.0
0.0
0.0
0.0
0.0
0.0
0.0
0.0
0.0
0.0
0.0
0.0
0.0
0.0
0.0
0.0
0.0
0.0
0.0
0.0
0.0
0.0
0.0
0.0
0.0
0.0
0.0
0.0
0.0
0.0
0.0
0.0
0.0
0.0
0.0
0.0
0.0
0.0
0.0
0.0
0.0
0.0
0.0
0.0
0.0
0.0
0.0
0.0
0.0
0.0
0.0
0.0
0.0
0.0
0.0
0.0
0.0
0.0
0.0
0.0
0.0
0.0
0.0
0.0
0.0
0.0
0.0
0.0
0.0
0.0
0.0
0.0
0.0
0.0
0.0
0.0
0.0
0.0
0.0
0.0
0.0
0.0
0.0
0.0
0.0
0.0
0.0
0.0
0.0
0.0
0.0
0.0
0.0
0.0
0.0
0.0
0.0
0.0
0.0
0.0
0.0
0.0
0.0
0.0
0.0
0.0
0.0
0.0
0.0
0.0
0.0
0.0
0.0
0.0
0.0
0.0
0.0
0.0
0.0
0.0
0.0
0.0
0.0
0.0
0.0
0.0
0.0
0.0
0.0
0.0
0.0
0.0
0.0
0.0
0.0
0.0
0.0
0.0
0.0
0.0
0.0
0.0
0.0
0.0
0.0
0.0
0.0
0.0
0.0
0.0
0.0
0.0
0.0
0.0
0.0
0.0
0.0
0.0
0.0
0.0
0.0
0.0
0.0
0.0
0.0
0.0
0.0
0.0
0.0
0.0
0.0
0.0
0.0
0.0
0.0
0.0
0.0
0.0
0.0
0.0
0.0
0.0
0.0
0.0
0.0
0.0
0.0
0.0
0.0
0.0
0.0
0.0
0.0
0.0
0.0
0.0
0.0
0.0
0.0
0.0
0.0
0.0
0.0
0.0
0.0
0.0
0.0
0.0
0.0
0.0
0.0
0.0
0.0
0.0
0.0
0.0
0.0
0.0
0.0
0.0
0.0
0.0
0.0
0.0
0.0
0.0
0.0
0.0
0.0
0.0
0.0
0.0
0.0
0.0
0.0
0.0
0.0
0.0
0.0
0.0
0.0
0.0
0.0
0.0
0.0
0.0
0.0
0.0
0.0
0.0
0.0
0.0
0.0
0.0
0.0
0.0
0.0
0.0
0.0
0.0
0.0
0.0
0.0
0.0
0.0
0.0
0.0
0.0
0.0
0.0
0.0
0.0
0.0
0.0
0.0
0.0
0.0
0.0
0.0
0.0
0.0
0.0
0.0
0.0
0.0
0.0
0.0
0.0
0.0
0.0
0.0
0.0
0.0
0.0
0.0
0.0
0.0
0.0
0.0
0.0
0.0
0.0
0.0
0.0
0.0
0.0
0.0
0.0
0.0
0.0
0.0
0.0
0.0
0.0
0.0
0.0
0.0
0.0
0.0
0.0
0.0
0.0
0.0
0.0
0.0
0.0
0.0
0.0
0.0
0.0
0.0
0.0
0.0
0.0
0.0
0.0
0.0
0.0
0.0
0.0
0.0
0.0
0.0
0.0
0.0
0.0
0.0
0.0
0.0
0.0
0.0
0.0
0.0
0.0
0.0
0.0
0.0
0.0
0.0
0.0
0.0
0.0
0.0
0.0
0.0
0.0
0.0
0.0
0.0
0.0
0.0
0.0
0.0
0.0
0.0
0.0
0.0
0.0
0.0
0.0
0.0
0.0
0.0
0.0
0.0
0.0
0.0
0.0
0.0
0.0
0.0
0.0
0.0
0.0
0.0
0.0
0.0
0.0
0.0
0.0
0.0
0.0
0.0
0.0
0.0
0.0
0.0
0.0
0.0
0.0
0.0
0.0
0.0
0.0
0.0
0.0
0.0
0.0
0.0
0.0
0.0
0.0
0.0
0.0
0.0
0.0
0.0
0.0
0.0
0.0
0.0
0.0
0.0
0.0
0.0
0.0
0.0
0.0
0.0
0.0
0.0
0.0
0.0
0.0
0.0
0.0
0.0
0.0
0.0
0.0
0.0
0.0
0.0
0.0
0.0
0.0
0.0
0.0
0.0
0.0
0.0
0.0
0.0
0.0
0.0
0.0
0.0
0.0
0.0
0.0
0.0
0.0
0.0
0.0
0.0
0.0
0.0
0.0
0.0
0.0
0.0
0.0
0.0
0.0
0.0
0.0
0.0
0.0
0.0
0.0
0.0
0.0
0.0
0.0
0.0
0.0
0.0
0.0
0.0
0.0
0.0
0.0
0.0
0.0
0.0
0.0
0.0
0.0
0.0
0.0
0.0
0.0
0.0
0.0
0.0
0.0
0.0
0.0
0.0
0.0
0.0
0.0
0.0
0.0
0.0
0.0
0.0
0.0
0.0
0.0
0.0
0.0
0.0
0.0
0.0
0.0
0.0
0.0
0.0
0.0
0.0
0.0
0.0
0.0
0.0
0.0
0.0
0.0
0.0
0.0
0.0
0.0
0.0
0.0
0.0
0.0
0.0
0.0
0.0
0.0
0.0
0.0
0.0
0.0
0.0
0.0
0.0
0.0
0.0
0.0
0.0
0.0
0.0
0.0
0.0
0.0
0.0
0.0
0.0
0.0
0.0
0.0
0.0
0.0
0.0
0.0
0.0
0.0
0.0
0.0
0.0
0.0
0.0
0.0
0.0
0.0
0.0
0.0
0.0
0.0
0.0
0.0
0.0
0.0
0.0
0.0
0.0
0.0
0.0
0.0
0.0
0.0
0.0
0.0
0.0
0.0
0.0
0.0
0.0
0.0
0.0
0.0
0.0
0.0
0.0
0.0
0.0
0.0
0.0
0.0
0.0
0.0
0.0
0.0
0.0
0.0
0.0
0.0
0.0
0.0
0.0
0.0
0.0
0.0
0.0
0.0
0.0
0.0
0.0
0.0
0.0
0.0
0.0
0.0
0.0
0.0
0.0
0.0
0.0
0.0
0.0
0.0
0.0
0.0
0.0
0.0
0.0
0.0
0.0
0.0
0.0
0.0
0.0
0.0
0.0
0.0
0.0
0.0
0.0
0.0
0.0
0.0
0.0
0.0
0.0
0.0
0.0
0.0
0.0
0.0
0.0
0.0
0.0
0.0
0.0
0.0
0.0
0.0
0.0
0.0
0.0
0.0
0.0
0.0
0.0
0.0
0.0
0.0
0.0
0.0
0.0
0.0
0.0
0.0
0.0
0.0
0.0
0.0
0.0
0.0
0.0
0.0
0.0
0.0
0.0
0.0
0.0
0.0
0.0
0.0
0.0
0.0
0.0
0.0
0.0
0.0
0.0
0.0
0.0
0.0
0.0
0.0
0.0
0.0
0.0
0.0
0.0
0.0
0.0
0.0
0.0
0.0
0.0
0.0
0.0
0.0
0.0
0.0
0.0
0.0
0.0
0.0
0.0
0.0
0.0
0.0
0.0
0.0
0.0
0.0
0.0
0.0
0.0
0.0
0.0
0.0
0.0
0.0
0.0
0.0
0.0
0.0
0.0
0.0
0.0
0.0
0.0
0.0
0.0
0.0
0.0
0.0
0.0
0.0
0.0
0.0
0.0
0.0
0.0
0.0
0.0
0.0
0.0
0.0
0.0
0.0
0.0
0.0
0.0
0.0
0.0
0.0
0.0
0.0
0.0
0.0
0.0
0.0
0.0
0.0
0.0
0.0
0.0
0.0
0.0
0.0
0.0
0.0
0.0
0.0
0.0
0.0
0.0
0.0
0.0
0.0
0.0
0.0
0.0
0.0
0.0
0.0
0.0
0.0
0.0
0.0
0.0
0.0
0.0
0.0
0.0
0.0
0.0
0.0
0.0
0.0
0.0
0.0
0.0
0.0
0.0
0.0
0.0
0.0
0.0
0.0
0.0
0.0
0.0
0.0
0.0
0.0
0.0
0.0
0.0
0.0
0.0
0.0
0.0
0.0
0.0
0.0
0.0
0.0
0.0
0.0
0.0
0.0
0.0
0.0
0.0
0.0
0.0
0.0
0.0
0.0
0.0
0.0
0.0
0.0
0.0
0.0
0.0
0.0
0.0
0.0
0.0
0.0
0.0
0.0
0.0
0.0
0.0
0.0
0.0
0.0
0.0
0.0
0.0
0.0
0.0
0.0
0.0
0.0
0.0
0.0
0.0
0.0
0.0
0.0
0.0
0.0
0.0
0.0
0.0
0.0
0.0
0.0
0.0
0.0
0.0
0.0
0.0
0.0
0.0
0.0
0.0
0.0
0.0
0.0
0.0
0.0
0.0
0.0
0.0
0.0
0.0
0.0
0.0
0.0
0.0
0.0
0.0
0.0
0.0
0.0
0.0
0.0
0.0
0.0
0.0
0.0
0.0
0.0
0.0
0.0
0.0
0.0
0.0
0.0
0.0
0.0
0.0
0.0
0.0
0.0
0.0
0.0
0.0
0.0
0.0
0.0
0.0
0.0
0.0
0.0
0.0
0.0
0.0
0.0
0.0
0.0
0.0
0.0
0.0
0.0
0.0
0.0
0.0
0.0
0.0
0.0
0.0
0.0
0.0
0.0
0.0
0.0
0.0
0.0
0.0
0.0
0.0
0.0
0.0
0.0
0.0
0.0
0.0
0.0
0.0
0.0
0.0
0.0
0.0
0.0
0.0
0.0
0.0
0.0
0.0
0.0
0.0
0.0
0.0
0.0
0.0
0.0
0.0
0.0
0.0
0.0
0.0
0.0
0.0
0.0
0.0
0.0
0.0
0.0
0.0
0.0
0.0
0.0
0.0
0.0
0.0
0.0
0.0
0.0
0.0
0.0
0.0
0.0
0.0
0.0
0.0
0.0
0.0
0.0
0.0
0.0
0.0
0.0
0.0
0.0
0.0
0.0
0.0
0.0
0.0
0.0
0.0
0.0
0.0
0.0
0.0
0.0
0.0
0.0
0.0
0.0
0.0
0.0
0.0
0.0
0.0
0.0
0.0
0.0
0.0
0.0
0.0
0.0
0.0
0.0
0.0
0.0
0.0
0.0
0.0
0.0
0.0
0.0
0.0
0.0
0.0
0.0
0.0
0.0
0.0
0.0
0.0
0.0
0.0
0.0
0.0
0.0
0.0
0.0
0.0
0.0
0.0
0.0
0.0
0.0
0.0
0.0
0.0
0.0
0.0
0.0
0.0
0.0
0.0
0.0
0.0
0.0
0.0
0.0
0.0
0.0
0.0
0.0
0.0
0.0
0.0
0.0
0.0
0.0
0.0
0.0
0.0
0.0
0.0
0.0
0.0
0.0
0.0
0.0
0.0
0.0
0.0
0.0
0.0
0.0
0.0
0.0
0.0
0.0
0.0
0.0
0.0
0.0
0.0
0.0
0.0
0.0
0.0
0.0
0.0
0.0
0.0
0.0
0.0
0.0
0.0
0.0
0.0
0.0
0.0
0.0
0.0
0.0
0.0
0.0
0.0
0.0
0.0
0.0
0.0
0.0
0.0
0.0
0.0
0.0
0.0
0.0
0.0
0.0
0.0
0.0
0.0
0.0
0.0
0.0
0.0
0.0
0.0
0.0
0.0
0.0
0.0
0.0
0.0
0.0
0.0
0.0
0.0
0.0
0.0
0.0
0.0
0.0
0.0
0.0
0.0
0.0
0.0
0.0
0.0
0.0
0.0
0.0
0.0
0.0
0.0
0.0
0.0
0.0
0.0
0.0
0.0
0.0
0.0
0.0
0.0
0.0
0.0
0.0
0.0
0.0
0.0
0.0
0.0
0.0
0.0
0.0
0.0
0.0
0.0
0.0
0.0
0.0
0.0
0.0
0.0
0.0
0.0
0.0
0.0
0.0
0.0
0.0
0.0
0.0
0.0
0.0
0.0
0.0
0.0
0.0
0.0
0.0
0.0
0.0
0.0
0.0
0.0
0.0
0.0
0.0
0.0
0.0
0.0
0.0
0.0
0.0
0.0
0.0
0.0
0.0
0.0
0.0
0.0
0.0
0.0
0.0
0.0
0.0
0.0
0.0
0.0
0.0
0.0
0.0
0.0
0.0
0.0
0.0
0.0
0.0
0.0
0.0
0.0
0.0
0.0
0.0
0.0
0.0
0.0
0.0
0.0
0.0
0.0
0.0
0.0
0.0
0.0
0.0
0.0
0.0
0.0
0.0
0.0
0.0
0.0
0.0
0.0
0.0
0.0
0.0
0.0
0.0
0.0
0.0
0.0
0.0
0.0
0.0
0.0
0.0
0.0
0.0
0.0
0.0
0.0
0.0
0.0
0.0
0.0
0.0
0.0
0.0
0.0
0.0
0.0
0.0
0.0
0.0
0.0
0.0
0.0
0.0
0.0
0.0
0.0
0.0
0.0
0.0
0.0
0.0
0.0
0.0
0.0
0.0
0.0
0.0
0.0
0.0
0.0
0.0
0.0
0.0
0.0
0.0
0.0
0.0
0.0
0.0
0.0
0.0
0.0
0.0
0.0
0.0
0.0
0.0
0.0
0.0
0.0
0.0
0.0
0.0
0.0
0.0
0.0
0.0
0.0
0.0
0.0
0.0
0.0
0.0
0.0
0.0
0.0
0.0
0.0
0.0
0.0
0.0
0.0
0.0
0.0
0.0
0.0
0.0
0.0
0.0
0.0
0.0
0.0
0.0
0.0
0.0
0.0
0.0
0.0
0.0
0.0
0.0
0.0
0.0
0.0
0.0
0.0
0.0
0.0
0.0
0.0
0.0
0.0
0.0
0.0
0.0
0.0
0.0
0.0
0.0
0.0
0.0
0.0
0.0
0.0
0.0
0.0
0.0
0.0
0.0
0.0
0.0
0.0
0.0
0.0
0.0
0.0
0.0
0.0
0.0
0.0
0.0
0.0
0.0
0.0
0.0
0.0
0.0
0.0
0.0
0.0
0.0
0.0
0.0
0.0
0.0
0.0
0.0
0.0
0.0
0.0
0.0
0.0
0.0
0.0
0.0
0.0
0.0
0.0
0.0
0.0
0.0
0.0
0.0
0.0
0.0
0.0
0.0
0.0
0.0
0.0
0.0
0.0
0.0
0.0
0.0
0.0
0.0
0.0
0.0
0.0
0.0
0.0
0.0
0.0
0.0
0.0
0.0
0.0
0.0
0.0
0.0
0.0
0.0
0.0
0.0
0.0
0.0
0.0
0.0
0.0
0.0
0.0
0.0
0.0
0.0
0.0
0.0
0.0
0.0
0.0
0.0
0.0
0.0
0.0
0.0
0.0
0.0
0.0
0.0
0.0
0.0
0.0
0.0
0.0
0.0
0.0
0.0
0.0
0.0
0.0
0.0
0.0
0.0
0.0
0.0
0.0
0.0
0.0
0.0
0.0
0.0
0.0
0.0
0.0
0.0
0.0
0.0
0.0
0.0
0.0
0.0
0.0
0.0
0.0
0.0
0.0
0.0
0.0
0.0
0.0
0.0
0.0
0.0
0.0
0.0
0.0
0.0
0.0
0.0
0.0
0.0
0.0
0.0
0.0
0.0
0.0
0.0
0.0
0.0
0.0
0.0
0.0
0.0
0.0
0.0
0.0
0.0
0.0
0.0
0.0
0.0
0.0
0.0
0.0
0.0
0.0
0.0
0.0
0.0
0.0
0.0
0.0
0.0
0.0
0.0
0.0
0.0
0.0
0.0
0.0
0.0
0.0
0.0
0.0
0.0
0.0
0.0
0.0
0.0
0.0
0.0
0.0
0.0
0.0
0.0
0.0
0.0
0.0
0.0
0.0
0.0
0.0
0.0
0.0
0.0
0.0
0.0
0.0
0.0
0.0
0.0
0.0
0.0
0.0
0.0
0.0
0.0
0.0
0.0
0.0
0.0
0.0
0.0
0.0
0.0
0.0
0.0
0.0
0.0
0.0
0.0
0.0
0.0
0.0
0.0
0.0
0.0
0.0
0.0
0.0
0.0
0.0
0.0
0.0
0.0
0.0
0.0
0.0
0.0
0.0
0.0
0.0
0.0
0.0
0.0
0.0
0.0
0.0
0.0
0.0
0.0
0.0
0.0
0.0
0.0
0.0
0.0
0.0
0.0
0.0
0.0
0.0
0.0
0.0
0.0
0.0
0.0
0.0
0.0
0.0
0.0
0.0
0.0
0.0
0.0
0.0
0.0
0.0
0.0
0.0
0.0
0.0
0.0
0.0
0.0
0.0
0.0
0.0
0.0
0.0
0.0
0.0
0.0
0.0
0.0
0.0
0.0
0.0
0.0
0.0
0.0
0.0
0.0
0.0
0.0
0.0
0.0
0.0
0.0
0.0
0.0
0.0
0.0
0.0
0.0
0.0
0.0
0.0
0.0
0.0
0.0
0.0
0.0
0.0
0.0
0.0
0.0
0.0
0.0
0.0
0.0
0.0
0.0
0.0
0.0
0.0
0.0
0.0
0.0
0.0
0.0
0.0
0.0
0.0
0.0
0.0
0.0
0.0
0.0
0.0
0.0
0.0
0.0
0.0
0.0
0.0
0.0
0.0
0.0
0.0
0.0
0.0
0.0
0.0
0.0
0.0
0.0
0.0
0.0
0.0
0.0
0.0
0.0
0.0
0.0
0.0
0.0
0.0
0.0
0.0
0.0
0.0
0.0
0.0
0.0
0.0
0.0
0.0
0.0
0.0
0.0
0.0
0.0
0.0
0.0
0.0
0.0
0.0
0.0
0.0
0.0
0.0
0.0
0.0
0.0
0.0
0.0
0.0
0.0
0.0
0.0
0.0
0.0
0.0
0.0
0.0
0.0
0.0
0.0
0.0
0.0
0.0
0.0
0.0
0.0
0.0
0.0
0.0
0.0
0.0
0.0
0.0
0.0
0.0
0.0
0.0
0.0
0.0
0.0
0.0
0.0
0.0
0.0
0.0
0.0
0.0
0.0
0.0
0.0
0.0
0.0
0.0
0.0
0.0
0.0
0.0
0.0
0.0
0.0
0.0
0.0
0.0
0.0
0.0
0.0
0.0
0.0
0.0
0.0
0.0
0.0
0.0
0.0
0.0
0.0
0.0
0.0
0.0
0.0
0.0
0.0
0.0
0.0
0.0
0.0
0.0
0.0
0.0
0.0
0.0
0.0
0.0
0.0
0.0
0.0
0.0
0.0
0.0
0.0
0.0
0.0
0.0
0.0
0.0
0.0
0.0
0.0
0.0
0.0
0.0
0.0
0.0
0.0
0.0
0.0
0.0
0.0
0.0
0.0
0.0
0.0
0.0
0.0
0.0
0.0
0.0
0.0
0.0
0.0
0.0
0.0
0.0
0.0
0.0
0.0
0.0
0.0
0.0
0.0
0.0
0.0
0.0
0.0
0.0
0.0
0.0
0.0
0.0
0.0
0.0
0.0
0.0
0.0
0.0
0.0
0.0
0.0
0.0
0.0
0.0
0.0
0.0
0.0
0.0
0.0
0.0
0.0
0.0
0.0
0.0
0.0
0.0
0.0
0.0
0.0
0.0
0.0
0.0
0.0
0.0
0.0
0.0
0.0
0.0
0.0
0.0
0.0
0.0
0.0
0.0
0.0
0.0
0.0
0.0
0.0
0.0
0.0
0.0
0.0
0.0
0.0
0.0
0.0
0.0
0.0
0.0
0.0
0.0
0.0
0.0
0.0
0.0
0.0
0.0
0.0
0.0
0.0
0.0
0.0
0.0
0.0
0.0
0.0
0.0
0.0
0.0
0.0
0.0
0.0
0.0
0.0
0.0
0.0
0.0
0.0
0.0
0.0
0.0
0.0
0.0
0.0
0.0
0.0
0.0
0.0
0.0
0.0
0.0
0.0
0.0
0.0
0.0
0.0
0.0
0.0
0.0
0.0
0.0
0.0
0.0
0.0
0.0
0.0
0.0
0.0
0.0
0.0
0.0
0.0
0.0
0.0
0.0
0.0
0.0
0.0
0.0
0.0
0.0
0.0
0.0
0.0
0.0
0.0
0.0
0.0
0.0
0.0
0.0
0.0
0.0
0.0
0.0
0.0
0.0
0.0
0.0
0.0
0.0
0.0
0.0
0.0
0.0
0.0
0.0
0.0
0.0
0.0
0.0
0.0
0.0
0.0
0.0
0.0
0.0
0.0
0.0
