461.33145060056
454.9139725855794
447.6167025456833
441.6705728019983
434.4135340407117
427.99964689337924
422.01928142039304
416.3123245634246
410.8184112267173
404.59641764020546
395.59968707460496
389.61787799155053
382.92894496260067
377.02024576417455
369.56800832424943
361.64030130865797
355.3270007245138
351.2108368683057
345.35630256544533
339.3627988210721
335.2789056814914
332.19642201985
326.44826526467955
321.8072540932635
312.957817858007
308.21405464718856
302.971065231527
298.46463996896324
294.6090358768105
291.4742733783804
288.9167296350493
283.802004996148
278.6994152520708
274.2074841019754
270.99541164142965
267.7335929101369
263.38377438689633
258.6278560280374
255.73030053637325
252.8006096117046
250.45684871949774
245.51434665194517
241.8542473393604
238.01094766935816
233.48197579650594
230.68295575432288
226.62370858517176
224.76053374456276
221.6014653773157
218.38552393398442
213.65643621925977
210.38780606208502
206.53659418638014
204.48325916213216
201.5331415576845
200.3344493814458
197.95355872738602
194.78332025485994
193.14419439361865
190.56835802813896
188.5582641188208
186.24285640622384
183.88767254529387
180.9992505444535
177.38512245490722
176.2575580705061
173.52660192974568
171.2676455884037
169.8559233955412
167.62667118425526
165.57159821589747
163.98233408366812
161.288969011424
159.8398976317008
157.49006215743108
156.2729123870317
154.7359642754426
152.27294944232864
150.3924815805168
149.33656253061676
147.62064052003177
145.94915192130142
143.98746002613515
143.02452609240603
141.5796021948019
139.99266154797974
138.42874893503569
136.3536045459613
135.30087787392648
133.5698812116076
132.1190657752933
129.5196688787839
128.51202868819684
126.86096804183825
124.55557096035743
122.27898065619873
120.9705755079077
119.27567337616158
118.51451884686624
117.1505075916544
116.20472786186292
114.87166857799376
113.33573138718731
111.91230904252251
111.24662954456116
110.71236751446243
110.16708583482297
108.245822235777
105.97688275221518
105.11842641052155
103.63253247634289
102.51083765917042
100.9190540365728
100.60546932027295
99.98928389605294
98.91346656480339
97.9081491228852
97.3739697102566
95.87086016024439
94.51577929243857
94.10333562478263
92.25575334811714
91.27728212477855
89.82753656512023
89.36329037626413
88.35389302945052
87.94691007329051
87.43410063319497
86.07536797399216
85.69036912765144
84.74176100074314
84.1247457498091
83.44635718057576
82.37692075579464
81.45668056560599
81.11804206728388
80.37746988898535
79.63763149957433
78.33243591400284
77.73457738909647
77.42706726385607
76.81163569084396
76.31406230730596
75.79198823733807
74.94961115187958
74.17446007199757
72.93843437551686
72.58428651776354
71.52584780835961
70.8419322777354
70.43824318712775
69.83901478374413
69.05974238277756
68.52901866672336
67.53427815216888
67.1415329746793
66.58067680440219
65.83758705539053
65.06181555488608
64.3575463244628
63.92538825038161
63.21658681139569
62.56414401777678
61.88428859260009
60.89252123343222
60.44693603117564
60.08183798215016
59.493973886791174
59.3666178753043
58.955396598238764
58.432751590192126
58.26881126175854
57.670082551958444
57.018022797296794
56.94524648057249
56.81640124772398
56.5277483188123
56.15971000622863
55.7449296250437
55.45496862513359
55.13705008211945
53.97566880323068
52.983953943263856
52.542185162879925
52.02335502715872
51.64909236413131
50.86062249179953
50.43016609607797
50.23599411716108
50.09447574228323
49.82482820105896
49.355067727899616
48.55285350100629
48.21980919576275
47.997087868178916
47.81148466635782
47.45031871679607
46.98282778289172
46.61282462440185
46.147187906059884
45.49648930958982
45.285312083945
44.79057644417228
44.57429032210377
44.275475536765704
44.09034562014802
43.862696942037125
43.73394168037314
43.030237300797324
42.85233324948885
42.476062274627765
41.82312411770629
41.204550938735785
40.76041849504305
40.62599836270829
40.04762159827771
39.58381789100069
39.231632952768976
39.11035688553045
38.84393655365206
38.11136932723793
37.76841050662096
37.5812082594618
37.25913864213632
36.94205457692518
36.74672090713661
36.45598408749808
35.91090590321052
35.66747442153763
35.32057552696112
35.10894074914451
35.073315659210145
34.69430335159553
34.46075413241363
34.28157361097595
34.2049623974054
33.97440855129205
33.87405754533988
33.70510561783667
33.41077007431944
32.73745482212234
32.55014058736755
32.11309651556095
31.773231093235008
31.444591772633753
31.315584298718438
31.14371142006621
30.974526191945717
30.726095188960922
30.482427753109494
30.26935633869073
30.024120562242047
29.80633485738604
29.63584709446651
29.465399911704605
29.369764563793982
29.327867042232135
29.004359751247705
28.836304133969527
28.355368419855875
28.125413841179697
27.977228544859504
27.762967328414327
27.534751272829208
27.47259713570566
27.261621034128964
27.149807038269117
27.015876326239507
26.846344209150846
26.74673275768314
26.664928462886415
26.36590899672295
25.977620056411638
25.937930362542183
25.89721474580796
25.791068632017915
25.749909792885155
25.598133354600506
25.256278576236458
25.09206724730568
25.053557440004724
24.953052445461434
24.692067446462094
24.424785816803265
24.410400321080026
24.36700989633463
24.150379493592585
23.836930920476018
23.6761270373538
23.360497774319168
23.237860705816097
23.18010056654508
22.948197449071383
22.58140044573311
22.410204809329265
22.25685410543087
22.244588568868846
22.077842365076698
22.008985365959134
21.817299004767566
21.761539817172082
21.65228532799864
21.546637551456172
21.404336255610584
21.2794371635827
21.108242114400504
21.08500982080598
21.008346700210677
20.979310373106355
20.83575932656827
20.71671880465811
20.62559953979788
20.511623299785118
20.441318892238925
20.334597388239445
20.02010902789833
19.88903086316777
19.8013329251052
19.750574855930278
19.606180274915495
19.41318022981218
19.31311856248855
19.207984673976537
19.12265013896503
18.88530494368204
18.87453750720548
18.68399146119518
18.58301571906617
18.45526951814204
18.279240370610044
18.241022312184903
18.159040841270002
18.085752949339227
17.9709105578773
17.861762447240572
17.796923207170142
17.699171924083018
17.66779174454557
17.576729910370048
17.497478338923475
17.431083581065824
17.366150126079482
17.33669895260017
17.282508055570414
17.234714512486928
17.03438241993735
16.970748358159405
16.753323736697975
16.698168041300793
16.659771908262737
16.62014923387882
16.54867416876469
16.527764671787043
16.486362909642033
16.22181347391843
16.185179924493138
16.161257638260278
16.102022251041646
15.853177807419268
15.810641407461304
15.743036922334063
15.721698764039889
15.56498998573059
15.506679040395307
15.415854141793377
15.2609379641542
15.154092464204577
15.103072513300383
15.07958896838318
15.071774235695871
14.783415285789577
14.722676119653165
14.672736652374635
14.63053681226862
14.627417027119773
14.588661061886404
14.474069280839023
14.435839567177853
14.31279804328286
14.051655310186169
13.898433058549797
13.852137759512761
13.812530555161352
13.78409785753152
13.667756255275489
13.631397838033694
13.557988623810077
13.506133700052457
13.474030842597216
13.451372013258037
13.438258369610079
13.28391800029957
13.267388532081059
13.221223055530405
13.173719214137092
13.124426034529305
12.968650225915729
12.933461224249461
12.89033916892277
12.843971007087061
12.770066059915472
12.594270415836654
12.5265502941256
12.5050276117411
12.459667462250845
12.42954522500737
12.342471470265139
12.238921765478995
12.178718230739104
12.065833411388658
11.998948323505223
11.904593831772724
11.76449345644037
11.761657285506601
11.69867365178419
11.69458173043604
11.627103623006958
11.62286642358003
11.54832203123076
11.441757299252767
11.373370384191388
11.317062301109365
11.276783650438158
11.168304751982026
11.11710641354433
11.089116607387213
10.969693280578753
10.893222643356554
10.844109579819255
10.831751551870452
10.715547219551734
10.6664590702922
10.516865394894497
10.431024198416676
10.417975287711805
10.382507323837896
10.35596945845651
10.301330364615158
10.265384315115234
10.247156485761174
10.239700474839598
10.233340165002774
10.082024114609188
10.061349969413
9.98748022342554
9.959753814974281
9.94467373485468
9.938208032489321
9.914331136683257
9.780719464942504
9.769752858017931
9.592243893158912
9.520658582724947
9.488307005460578
9.454340929226872
9.428830999290394
9.403484231558792
9.37111751417295
9.34236127924839
9.313581153120241
9.258681537575352
9.185443789326989
9.160190089579173
9.122390701731554
9.069736199508634
9.004972922374568
8.908414984355655
8.881631306188076
8.8156010228962
8.773551034916709
8.730492816915636
8.71209554796396
8.611198965950248
8.580471267583057
8.483839887397705
8.451338388810825
8.402452849388279
8.394308400841124
8.356855070004379
8.26248972318921
8.179644297002973
8.150307291313249
8.14947605790298
8.145578742296602
8.075452526103822
8.028376876185535
7.886378235689643
7.880812322518186
7.880438663909998
7.865438221864415
7.833103257341732
7.825229761092768
7.780040763639294
7.777657838190778
7.710619037228343
7.636584701690081
7.629180996308753
7.58336804490747
7.582906934450177
7.57918958228336
7.541366349521856
7.539675564736563
7.527586593509031
7.517482272827021
7.475847686781327
7.44661521520649
7.417566517054319
7.392226710240972
7.304066708523773
7.2677126357104065
7.21153450540677
7.208316340366131
7.205176337222752
7.189204110602966
7.150687316099143
7.129173833051812
7.1246029077296695
7.08505213548853
7.0520983307980565
6.990556844166591
6.938680379932892
6.926956467787067
6.919121341426902
6.87005452605263
6.846120779230665
6.708610180966923
6.708537377288019
6.689185807978697
6.615751782156833
6.595380808627445
6.53890902908982
6.513437637511597
6.4465430957449295
6.404563144634096
6.3359184701138
6.288542248147436
6.26322724214794
6.257189124508359
6.242036497604232
6.235251560297359
6.2014766545294115
6.144655716259777
6.139102102169625
6.128045643560067
6.022425245142467
6.011545009519126
6.001465797961198
5.971916104179558
5.9565335840172215
5.919869768513419
5.905545189771848
5.791574990767787
5.788180101645499
5.77675611348569
5.767835090169381
5.765144981516042
5.732882974723056
5.6964206572802425
5.622357101227075
5.585834267840439
5.583644183546352
5.578630247774577
5.5783923207239035
5.5531602315449815
5.552258755985005
5.460184848723545
5.459243679682212
5.421396123297951
5.41160036480613
5.410724620019826
5.355251240329532
5.317634544431496
5.315062555879433
5.308020692245377
5.307460821127669
5.269367041325194
5.26918613382971
5.258952626462105
5.246279303326997
5.242164644678387
5.226257838828478
5.224669794007597
5.192000643028885
5.145459124593737
5.101396095718822
5.098715169108718
5.098061839060378
5.097327078448901
5.088772696122687
5.087672715095118
5.059670796015956
4.968976772538497
4.965030760670776
4.963351939405903
4.944842050006576
4.9418002384290585
4.92960938864889
4.894134532720263
4.776628153876102
4.7764997156185895
4.696370064630354
4.684962779962906
4.645204059780068
4.598361514265525
4.553579789029459
4.520296666222034
4.512522356815749
4.504816830282603
4.503617870639998
4.441213084551262
4.429962608182536
4.419116000121946
4.416079699923529
4.4144566575404225
4.408268251016709
4.408237043546421
4.395627549939078
4.383583588495297
4.378077279266396
4.368020630946927
4.348618248459074
4.306744212543336
4.267751598886197
4.251349824700028
4.239858923394004
4.2028610692002655
4.169786367117576
4.168842081565967
4.1573601857172635
4.122649737342373
4.085867428829627
4.0854675551718405
4.0854335744884205
4.072960890500734
4.068574883075408
4.067601929235131
4.024853358770269
4.021755448164873
4.021754462389941
4.0159853798549765
3.963408010877262
3.922798304892426
3.9035083751842947
3.877019784021392
3.859010710697127
3.853975710068918
3.8042808982843668
3.7719690566031203
3.7716783286814746
3.7716424622419584
3.77011220817822
3.752022244013747
3.7493618019892043
3.7251969176084248
3.6848381637827714
3.6753882555734796
3.6622167892861652
3.63678150643291
3.6277471095517075
3.6219053167652566
3.5915627762494764
3.5914185352902606
3.5909543258046153
3.578051289811206
3.5762971371756724
3.57595139869242
3.5696196822688306
3.5690939637960613
3.558852195242392
3.555816289665887
3.554806170398079
3.5520474180356585
3.551907721023458
3.503536101838993
3.5029929430756424
3.4897767535771305
3.485859269610609
3.4636328634963496
3.385221618162775
3.3824609321898413
3.3440076798258747
3.3418755296904763
3.3397475280549114
3.3387640740930373
3.328393884772636
3.2992993175511938
3.279295820715183
3.264792076403577
3.2597142104955257
3.2587970909845096
3.2576509764644537
3.239406828815978
3.223130155458094
3.1893903002093924
3.160279737182224
3.136612375089805
3.1246855546921086
3.1239653703439982
3.0930057159257434
3.067520249917495
3.0671453757766534
3.0343644293386176
3.0324169435499915
3.0266761156489084
3.0061945926699347
3.005512713344984
3.000889599624282
3.000355372517967
2.9480761737220775
2.9205939276174777
2.846895927369903
2.8443133679604506
2.8114858203117765
2.811088791034978
2.7892133584670953
2.7681078724422776
2.7612880748545123
2.760957411708803
2.734605358919515
2.733529970532151
2.6974753137934417
2.6974720960328833
2.687905074518025
2.6875290768933273
2.6800576498790774
2.6772162317293327
2.6350417442428524
2.598952368911642
2.597520977041135
2.548551908471116
2.5290331626710407
2.5076725710083534
2.5017086388050775
2.5015617510156094
2.499564112735948
2.4942152820970285
2.4469757847852813
2.425837283553439
2.4258082693841323
2.423740782432674
2.4226391719735445
2.422472394144022
2.3947898029910877
2.3502308197633157
2.3472767152408682
2.3450151208813983
2.3435353305140487
2.341576489389378
2.341503818930767
2.326478269672145
2.326372243755017
2.3258980298265373
2.324304519137196
2.3039994334193845
2.2736727876585427
2.2736696132432557
2.2655441805463927
2.2612729617485585
2.261221235653078
2.2507498508000143
2.2455068483228784
2.238755634208618
2.2295694049890824
2.22603014372867
2.225834419527541
2.2240819277797637
2.209568064394392
2.206239674936406
2.206174943528874
2.1790336059238107
2.1782110238513486
2.1774989684013533
2.1773946313716523
2.1769127975229696
2.17582616427497
2.161266380797504
2.1495788613975395
2.1372726825244186
2.1369255445735
2.1279675488978995
2.110917466781454
2.108294718500641
2.0686010410791478
2.0685202233075213
2.0323200522172455
1.966474117265179
1.951044112899658
1.9426481727861424
1.942633553138259
1.9403243510544248
1.931955324345295
1.930973930896208
1.9300684951159355
1.903036844337296
1.9029935224475667
1.901727073746063
1.8738374966399078
1.8724543940843879
1.8155950930585154
1.813919045194368
1.799679670263401
1.7974625603972394
1.794485666083117
1.7944382028501018
1.793199444205457
1.792075694437094
1.7915031099139627
1.785137917532345
1.7813316119158134
1.7810520355112434
1.779962622408586
1.7587556190861144
1.7586110785905342
1.7306754585195556
1.6973640341474252
1.696357158451627
1.6724066007419178
1.672301016678399
1.672292735367764
1.6712334830591935
1.6404221518770392
1.614446224123953
1.6143094279666386
1.6136580497685706
1.5929674547857333
1.5928515385019344
1.592804519230214
1.5910796704239212
1.5910526130858547
1.5882713658504817
1.5881208030064922
1.5880319039652557
1.5878133124912852
1.5868296469141996
1.5665988199891208
1.5620541593522155
1.5591225359303627
1.5591219071691957
1.5568287866339334
1.525632420375586
1.5254130529271843
1.5253937104111068
1.5253457524355847
1.5253430696601844
1.5139681170600847
1.5129527551976953
1.5076062982221585
1.5074365162889705
1.4876110088821275
1.4872714542916967
1.4870481140160687
1.4832704951243656
1.4564643814057951
1.4564602710660781
1.4293976438047151
1.4072331254270727
1.3944049755105339
1.3942152675029933
1.393989587522722
1.3601959424005672
1.3601241238681538
1.3601101938832343
1.3324603875485677
1.3323487413553068
1.332318123640175
1.3323150933658165
1.3080071918491565
1.3080064974650105
1.307984546660932
1.304084973721192
1.3040824510822289
1.3040753990479592
1.3040670580340035
1.297782057718176
1.2960231686385633
1.2662778092048474
1.258125165936679
1.2238950958826142
1.223894975802213
1.2228069855813346
1.2152729848470547
1.215093911705833
1.2150938422468198
1.2120622323235155
1.2120577165738686
1.2120575433043392
1.1972425582805635
1.1942273169334168
1.194121543347723
1.1863776584197108
1.1861654121245508
1.1530646961198339
1.1344622486937097
1.102884512390439
1.0964778727800604
1.0964778450801844
1.096392697780875
1.0875803750715038
1.086891875487674
1.0786842481065706
1.0775004429025912
1.0757981737029294
1.0462861842362567
1.0393737205115452
1.0312412559202362
1.0259790846425438
1.0048733654266548
1.0048581560862837
1.0042283044832945
1.003775294397895
1.0037313004593935
1.001888809876839
1.001317730145949
1.0012670871324219
1.0012644505964696
0.997520485059775
0.9865895437469987
0.9862934717156429
0.9674805285417665
0.9674795593281059
0.9674690313366455
0.9666077212761197
0.9626986060371411
0.9626422500114848
0.9625854111242655
0.9625198732622248
0.9623991429632085
0.9575009705503148
0.9547432992218999
0.9544486132165144
0.9544427714063974
0.9258439914347653
0.9256796807901082
0.9251709404234767
0.9138178353354296
0.9100903301735054
0.9091644645670819
0.882833138756595
0.8817580712580068
0.8817569017408547
0.8816346016227821
0.8816345930339248
0.8811117981265965
0.8811117905532891
0.8760705519861648
0.8738329291594737
0.8738326033659007
0.8723180496463878
0.8723086648810489
0.8698360519758229
0.8688371302449968
0.8688247561811366
0.8688215195364746
0.8685764964546988
0.8681321002126127
0.8660376794983684
0.8563801329161526
0.8249699321550014
0.8178748561335705
0.8178020129445883
0.8177961228757764
0.8177249898800985
0.8007611722710263
0.7961464552798039
0.7961311186320845
0.7958015108688057
0.7807539609769679
0.7804246281852867
0.7785819666952157
0.7684877839936026
0.7684877746131354
0.7680389151134156
0.7673802767993393
0.7673799464198842
0.7673798102223308
0.7673798093947826
0.7673796468378449
0.7673795124460504
0.7673691301977164
0.7673674263433714
0.7673541550477796
0.7431370425032181
0.7431050987271582
0.7411166229199715
0.7243206063465478
0.724312361329688
0.7236954535955449
0.7170933944323505
0.7169999947297018
0.7169173656048073
0.6928983441221784
0.6735384218633461
0.6299822029574375
0.6298210592539992
0.6119379512880722
0.5794530672756861
0.5794478575353974
0.57944785463771
0.5703905713913159
0.5703766523334092
0.570376650931862
0.5670946801530874
0.5594798111444275
0.5570057636459799
0.5259427516188172
0.5225095898939593
0.5209371202189174
0.5208200745045677
0.5048404192046616
0.504839489748064
0.5048394749520543
0.4933550008709736
0.49331825949323993
0.463676114622669
0.46367251016794414
0.4459424022383106
0.4342643504666735
0.434264333325273
0.4342431981904327
0.43406112913611533
0.4338896180068693
0.42742064631556925
0.41983979652897097
0.4166510753200435
0.4166509701947413
0.41665080323917647
0.40573896041342855
0.4054562732559234
0.4054483664085629
0.40503994143640204
0.40477754063198373
0.4036450176335558
0.4020825700876895
0.4020825686578069
0.40208241571090253
0.4015383537133195
0.3956688557444527
0.3948451448194726
0.39450949469001073
0.3945094897249322
0.3945059815169619
0.39450210042125866
0.39351318593417833
0.3935056075679632
0.3934607853349311
0.3934607759419084
0.3920665953258778
0.39206094154197374
0.3565225625561179
0.3560007725711822
0.35599322327611965
0.33163814876503106
0.3315816476766184
0.32808470257581207
0.32788803117265447
0.32713809444150743
0.32713802211005044
0.32712955275389916
0.3271251580733999
0.3222977061289148
0.3040905227671183
0.30404831787455044
0.30404821762009654
0.30397287750788504
0.3039716518484516
0.30397165160862355
0.30372942460391505
0.3037293592566513
0.3037293338758254
0.3037281869297886
0.3037266229757318
0.30372623562602186
0.30372622720646325
0.30166579310186203
0.30156949719047826
0.30156942679700693
0.30150684274346856
0.3013780189574288
0.3013773271091411
0.3013773046560584
0.30137730077009794
0.3013772800925051
0.30123014749581245
0.30122457559763854
0.28147526264350226
0.2814714681175428
0.2814714249220886
0.28146475083752615
0.2814494936179184
0.2720116188845158
0.2719711054743882
0.27058096019163547
0.2705809600478157
0.270580706377598
0.27058070370996073
0.27058070287571084
0.2705805779062018
0.2631328322103222
0.2631328304720636
0.2631328303553421
0.26279870658264126
0.2627979691537482
0.2627972821969539
0.26278734424208633
0.26119909514555656
0.24104728055734626
0.21390069517740393
0.21390069455625735
0.2138989779713557
0.21384399408664165
0.21337208094182306
0.21337204695192233
0.21295996485808757
0.2129599603258318
0.21295978508725735
0.21295978132831017
0.2123333948753239
0.21233319273439008
0.21233315098936956
0.2123330249699706
0.2123321644179785
0.21199998559588612
0.2118667693806819
0.21186307105801613
0.21174182746691178
0.21174181878168408
0.2117415175893311
0.21173995410994012
0.21168242401333207
0.21134262510934007
0.20715314630585122
0.2071531462090105
0.2071531430556019
0.20701202300447885
0.20701176818904418
0.20701176188016182
0.17596730332708202
0.17596730296501864
0.17386486038694518
0.17386486028596249
0.1738648582408209
0.17386445215362206
0.17386445035690273
0.17208833399553533
0.17208662823472096
0.17207537766979833
0.17207266356671796
0.17128144741303272
0.1710929060041891
0.17109290596487348
0.17108855073795481
0.17108855036371223
0.17108814834973826
0.17108772316575008
0.17108537472053442
0.17108537371240526
0.1710853314537203
0.13877495641634377
0.13876238610785865
0.13876224716214167
0.1387619267522537
0.13876192546815289
0.13876185339477126
0.13850731631740174
0.13850727051722422
0.1384808016560554
0.1384807841145354
0.1383902833922538
0.13839027926292308
0.13689553562827161
0.10931498711408576
0.10931498694690317
0.10931496826833662
0.10870001040413009
0.1084705457993426
0.1084642446817688
0.10846415978513425
0.10824308971253055
0.08296916452952162
0.08296916452375207
0.08296915438107373
0.07924646713109708
0.07924643257478922
0.07924637166308954
0.07414414137746833
0.07414414131537234
0.07414410455396289
0.07414407776338182
0.0737169590052653
0.07371694773812146
0.07371694771908294
0.07371694355112997
0.07371687059714359
0.0737168702116934
0.07371683369256452
0.0736537975376514
0.07365377096600174
0.07365332283289157
0.07365331694421269
0.07365331656784993
0.07365331269612861
0.07365330224689502
0.07301533925239372
0.07301531955648463
0.07299665661210349
0.07299665660900168
0.07299665660872634
0.07299621144045929
0.07299417593886108
0.06879005392837811
0.06879003021451317
0.0687898515528086
0.06878985155153222
0.06878983392541897
0.06876456970776511
0.06873933578238857
0.06873933574910017
0.06872366724843477
0.0687236670406748
0.06872364390404535
0.0687236317873453
0.06872356658129568
0.06872356656728087
0.06872022095236119
0.06872021884269638
0.06871867433972892
0.06859284693299236
0.06859272540961475
0.06859272390719244
0.06836942757487563
0.06833586610638023
0.0683344707025442
0.06833416781914241
0.06833416781312529
0.06833416774000511
0.06833416554365937
0.06828980373742066
0.06828980344140247
0.06828980222590034
0.0682898022240522
0.06828980149561055
0.06827977460333585
0.06827973204803785
0.06827968804978818
0.06827953396008546
0.06827953394292484
0.06826742419475652
0.06826742418945961
0.06820948587579588
0.06820948586234797
0.06820926860484693
0.06820926859911805
0.068209268588376
0.06820822015574055
0.06820821936252752
0.06820820611462294
0.06720353138214137
0.06720352730163655
0.06720352727682215
0.06720013925858517
0.06720013892580858
0.06719964861202593
0.06719964860421772
0.06719964859748533
0.06719964855561576
0.06719765426655008
0.06719765343360985
0.06719765301934857
0.06719763639465436
0.06719763598674428
0.06719763581384933
0.06719484785452276
0.06712227115788133
0.06711881496274769
0.067118814809532
0.06696255115213426
0.06695493871894118
0.06695493870030779
0.06695493822464549
0.06695493814725187
0.06695492200854307
0.06695492185581677
0.06695489026545136
0.06695489012617586
0.06695488875777418
0.06692401942493582
0.06692401798555594
0.06684130664046908
0.066454933946483
0.06645493385736258
0.066450704539658
0.06645070417912535
0.06645066374292631
0.03351085730203997
0.033510856844004226
0.033510856419953446
0.03351085641575467
0.03351085641418147
0.03351078253389168
0.03351078085701994
0.033510772210402766
0.03350948783109627
0.03350725848082151
0.03350725848078196
0.03350725758767048
0.03350721022409277
0.0335071028801087
0.03350710287992289
0.033506737668985424
0.03350526262611944
0.033505262626098306
0.03350334371821599
0.033503343718121255
0.03350334354472313
0.00033977062979921867
0.00033954475255306706
0.00033954475210862256
0.0003395447401376946
0.00033571658066199696
0.0003355634640398009
0.00033528459035956357
0.00033527239490040254
0.0003352639470525887
0.0003352639469615208
0.00033526394695808647
0.0003352639469258752
0.00033526394687530823
0.00033526394669678437
0.00033517160047953355
0.00033517150920309526
0.00033516184812659353
0.0003351618480725923
0.00033516182999910883
0.0003351618299428575
0.0003351617413967389
0.0003351617401460653
0.00033397283820567244
0.00033397283713748984
0.00033386302020700734
0.0003338629487007694
0.00033386294613405216
0.00033379596032124447
0.00033364110326446667
0.0003336411029287352
0.0003336408990908997
0.00033333688999436596
0.00033164851282876386
0.0003316483477069809
0.00033164096680096124
0.0003316408849043384
0.00024821240608587184
0.00024807515148760707
0.0002480751495918791
0.000248075138135088
0.00024795350661482494
0.0002467862921792611
0.0002452138409086757
0.00024519051308751947
0.00024519051251197985
0.00024519044083456026
0.0002451904289294167
0.0002451904278276018
0.0002451904263648904
0.0002444259445485505
0.0002444259386705857
0.0002444259385219046
0.00024442583092607604
0.00024442583073488083
0.00024413885500986036
0.00024413885500453129
0.00024413885499499817
0.00024396962572232895
0.00024335696585247034
0.00024335685040585513
0.00024335684998035844
0.00024335684976192578
0.0002433568487042829
0.0002433568486813679
0.00024268277136444045
0.00024260833037992313
0.00024260832820773479
0.0002426083282044781
0.00024259988926923862
0.00024259988904749009
0.00024257491616914707
0.00024257490750940748
0.00024257476691390186
0.00024257475630555801
0.0002425747532215657
0.00024257251757943502
0.00024257251755965825
0.00024137962925436797
0.00024137769307272332
0.00024137769285766572
0.0002413776906469304
0.00024137768967348686
0.00024137768923372012
0.00024133028849059694
0.0002413302884795243
0.00024133028833250118
0.00024132484065688686
0.00024132468901522469
0.00024132297335122861
0.0002413225272893153
0.000241322149049239
0.0002413218195759015
0.00024132181792696866
0.00024131884233563977
0.00024130806351566983
0.00024130806351063683
0.00024130805298767656
0.00024130805251913282
0.0002413080524791648
0.00024130805119776017
0.00024130621560018993
0.00024130621432719341
0.00024130621275446628
0.00024130621275375574
0.0002412962491998627
0.00023772215529405116
0.0002377221487327219
0.00023772193328592078
0.0002377211284573022
0.00023772112831264754
0.00023772112685650862
0.0002377211268269619
0.00023772112353039886
0.00023772111955917553
0.00023772085166768876
0.0002377208508521041
0.00023772085082107708
0.0002377208508181757
0.0002377208198558615
0.00023772081982376865
0.0002377208197129832
0.00023772081970066712
0.0002376495615239449
0.00023764956151482627
0.00023701785791458246
0.00023701721952183638
0.00023701721944000554
0.0002370172192586395
0.0002370172192586395
0.00023701028549290016
0.00023701028548348547
0.00023700188026592645
0.00023700187698677173
0.0002370018769812058
0.00023683501504449347
0.00023683501492766841
0.0002368350147702832
0.00023683501477016476
0.0002368350147683884
0.00023683501476317776
0.0002368350142928577
0.0002368350142898971
0.0002368350142362511
0.00023683500938318503
0.00023683500936897418
0.00023683500838155662
0.00023683500833927932
0.00023683500797169187
0.00023683500796944183
0.0002368350074216134
0.00023683490837444292
0.00023683490309214978
0.0002368349030846299
0.0002368342876620133
0.00023683428766177645
0.00023683428766017774
0.00023683427782768737
0.0002368342647365888
0.00023683426471408827
0.00023683426471231191
0.0002368317513014991
0.00023683175126745226
0.00011029646509156758
0.0001102964541673875
0.00011029645415637409
0.00011029645411445207
0.000110296454107169
0.00011029645276643407
0.00011029645276045367
0.00011029645272913058
0.00011029645262089124
0.00011029645261958857
0.00011029645259667357
0.0001102964525639294
0.00011029645235366795
0.00011029645230227203
0.00011029645229605478
0.00011029645228610718
0.00011029645228450846
0.00011029642020753035
0.00011029635424607184
0.00011029635424405862
0.00011029635424222305
0.000110296354157254
0.0001102963408241564
0.00011029368302229632
0.00011029368302051997
0.0001102936791075019
0.00011029367910738348
0.00011029367224543543
0.00011029367224401436
0.00011024031679779019
0.00011024015915719331
0.0001102401591566012
0.00011024015915630513
0.00011024015873311773
0.0001102399963601286
0.00011023999632442383
0.00011023999632406856
0.00011023999601954179
0.00011023999600130452
0.00011023999599644915
0.0001102399959818238
0.00011023999551049713
0.00011019574880677396
0.00011019574472411382
0.00011019574471677155
0.00011019574471475835
0.00011019197976439207
0.00011019197976101699
0.00011019197968623237
0.00011019197876915854
0.00011019197876708613
4.5085226973876996e-05
4.508522695279756e-05
4.508522693639586e-05
4.508522520616509e-05
4.508522467035666e-05
4.508522466615261e-05
4.508522466520522e-05
4.5085224424094386e-05
4.508522417866108e-05
4.5085222932428336e-05
4.508522292881641e-05
4.508522290376978e-05
4.508522279558965e-05
4.508522279553044e-05
4.508522279553044e-05
4.5085222795412015e-05
4.508522224397164e-05
4.5085210439310684e-05
4.508521043475137e-05
4.508521043457374e-05
4.508520978371659e-05
4.508520978371659e-05
4.5085209783538956e-05
4.532750774188798e-06
4.532750766964947e-06
4.532750766964947e-06
4.532750765958345e-06
4.5327507478395056e-06
4.532750733983922e-06
4.532750302862117e-06
4.53275028296692e-06
4.53275028296692e-06
4.5327502280774945e-06
4.532750228018282e-06
3.5696110833427495e-06
3.5696110832835377e-06
3.5696099126051687e-06
3.5696093693360354e-06
3.5696093658425336e-06
3.5696093607503104e-06
3.5696093607503104e-06
3.569609360572675e-06
3.5696093602174035e-06
3.569574441009138e-06
3.569574052046202e-06
3.5695740512764475e-06
3.5695740443486557e-06
3.5695740443486557e-06
3.5695740443486557e-06
3.5695740443486557e-06
3.569574044052596e-06
3.569574036295838e-06
3.569574036295838e-06
3.5695739833604043e-06
3.5695739737088654e-06
3.5695738291134185e-06
3.5695738291134185e-06
3.56872825969153e-06
3.5687282595731062e-06
3.5687282527637385e-06
3.5687282527045267e-06
3.5687282520531956e-06
3.568728239441062e-06
3.568728239441062e-06
3.568728239441062e-06
3.5687282354738652e-06
6.979339069346224e-07
6.979338175838734e-07
6.979338175838734e-07
6.979338167549069e-07
6.97933816695695e-07
6.979331517461181e-07
6.979331517461181e-07
6.979331517461181e-07
6.979331517461181e-07
6.979330451054959e-07
6.979330435067747e-07
6.9793304273702e-07
6.9793304273702e-07
6.979330389474588e-07
6.979330358684403e-07
6.979330358684403e-07
6.979330346842024e-07
6.97933033796024e-07
6.979330069138238e-07
6.979330064993405e-07
6.317484361417769e-07
6.317484361417769e-07
6.31748436082565e-07
6.317277140510668e-07
6.317276546023247e-07
6.317276484442876e-07
6.317239664710428e-07
6.317239629183291e-07
6.317239629183291e-07
6.317239615564556e-07
6.317239614972436e-07
6.317239614972436e-07
6.31723961260396e-07
6.317217517093354e-07
6.31721751413276e-07
2.4622510359506576e-07
2.4622510359506576e-07
2.4621863872198444e-07
2.4621863854434877e-07
2.4621863801144175e-07
2.4621863801144175e-07
2.4621863801144175e-07
2.462186316165571e-07
2.462186191228473e-07
2.462186191228473e-07
2.462186191228473e-07
2.462186190636354e-07
2.4621861894521164e-07
2.462186171096429e-07
2.462186171096429e-07
2.462186171096429e-07
2.462186161622526e-07
2.462186161030407e-07
2.462186161030407e-07
2.4621861580698125e-07
2.462186128463865e-07
2.4621860704362084e-07
2.4621860704362084e-07
2.4621860704362084e-07
2.4621860704362084e-07
2.4621860704362084e-07
2.4621860639229e-07
2.4621860639229e-07
2.462186063330781e-07
2.462186063330781e-07
2.462185972736582e-07
1.799871743202175e-07
1.799871742017937e-07
1.799871742017937e-07
1.799871742017937e-07
1.799871742017937e-07
1.1733727488897708e-07
1.1733727488897708e-07
1.1733727441528193e-07
1.1733727441528193e-07
1.1733727246128941e-07
1.1733727246128941e-07
3.002836314417815e-08
3.002836296654247e-08
3.002836296654247e-08
3.002836296654247e-08
3.6390237786084374e-09
3.6390237786084374e-09
3.6390232457013855e-09
3.6390232457013855e-09
3.6390232457013855e-09
3.6390232457013855e-09
3.63902253515865e-09
3.63902253515865e-09
3.63902253515865e-09
3.63902253515865e-09
3.639021054861284e-09
3.639021054861284e-09
3.639021054861284e-09
3.639021054861284e-09
3.6390208772255997e-09
3.6390208772255997e-09
3.6390208772255997e-09
3.6390207588018105e-09
3.6390207588018105e-09
3.6390207588018105e-09
3.6390207588018105e-09
3.6390107519916152e-09
3.6390107519916152e-09
3.6390107519916152e-09
3.6390107519916152e-09
3.639009094058565e-09
3.639009094058565e-09
3.6390090348466703e-09
3.639008975634776e-09
3.639008916422881e-09
3.6390088572109866e-09
3.6390088572109866e-09
3.6390085019396188e-09
3.639007969032567e-09
3.639007969032567e-09
3.639007969032567e-09
3.639007969032567e-09
3.639007969032567e-09
3.639007909820672e-09
3.63900660715899e-09
3.63900660715899e-09
2.1512155020294206e-11
2.151209580839956e-11
2.1511977384610265e-11
2.151191817271562e-11
2.151191817271562e-11
2.151191817271562e-11
4.0554818762454184e-12
4.055422664350772e-12
4.055422664350772e-12
4.055422664350772e-12
3.9148536264595655e-12
3.914143083723805e-12
3.9139654480398654e-12
3.9139654480398654e-12
3.9139654480398654e-12
3.913906236145219e-12
3.913906236145219e-12
3.913906236145219e-12
3.913847024250572e-12
3.911419336570058e-12
3.911419336570058e-12
3.911419336570058e-12
3.911064065202178e-12
3.911004853307531e-12
3.9109456414128845e-12
3.9109456414128845e-12
3.9109456414128845e-12
3.9109456414128845e-12
3.910886429518238e-12
3.910886429518238e-12
3.910886429518238e-12
3.910886429518238e-12
3.910886429518238e-12
3.910886429518238e-12
3.910886429518238e-12
3.910886429518238e-12
3.910886429518238e-12
3.910886429518238e-12
3.910886429518238e-12
3.910886429518238e-12
6.176392730594671e-13
6.176392730594671e-13
6.176392730594671e-13
6.176392730594671e-13
6.176392730594671e-13
6.175800611648204e-13
6.175800611648204e-13
6.175800611648204e-13
6.175800611648204e-13
6.175800611648204e-13
6.175800611648204e-13
6.175800611648204e-13
6.175800611648204e-13
6.175800611648204e-13
6.175800611648204e-13
6.175800611648204e-13
6.175800611648204e-13
6.174024254808804e-13
6.173432135862338e-13
6.149155259057201e-13
6.149155259057201e-13
6.149155259057201e-13
6.148563140110733e-13
6.147971021164267e-13
6.147971021164267e-13
6.147971021164267e-13
6.147971021164267e-13
6.147971021164267e-13
6.147971021164267e-13
6.147971021164267e-13
6.147971021164267e-13
6.147971021164267e-13
6.147971021164267e-13
6.147971021164267e-13
6.147971021164267e-13
6.147971021164267e-13
6.147971021164267e-13
6.147971021164267e-13
6.147971021164267e-13
6.147971021164267e-13
6.147971021164267e-13
6.147971021164267e-13
6.147971021164267e-13
6.147971021164267e-13
6.147971021164267e-13
6.147971021164267e-13
6.147971021164267e-13
6.1473789022178e-13
6.1473789022178e-13
6.1473789022178e-13
6.1473789022178e-13
6.1473789022178e-13
1.1842378929335003e-16
1.1842378929335003e-16
1.1842378929335003e-16
1.1842378929335003e-16
1.1842378929335003e-16
1.1842378929335003e-16
1.1842378929335003e-16
1.1842378929335003e-16
1.1842378929335003e-16
1.1842378929335003e-16
1.1842378929335003e-16
1.1842378929335003e-16
1.1842378929335003e-16
1.1842378929335003e-16
1.1842378929335003e-16
1.1842378929335003e-16
1.1842378929335003e-16
1.1842378929335003e-16
1.1842378929335003e-16
1.1842378929335003e-16
1.1842378929335003e-16
1.1842378929335003e-16
1.1842378929335003e-16
1.1842378929335003e-16
1.1842378929335003e-16
1.1842378929335003e-16
1.1842378929335003e-16
1.1842378929335003e-16
1.1842378929335003e-16
1.1842378929335003e-16
1.1842378929335003e-16
1.1842378929335003e-16
1.1842378929335003e-16
1.1842378929335003e-16
1.1842378929335003e-16
1.1842378929335003e-16
1.1842378929335003e-16
1.1842378929335003e-16
1.1842378929335003e-16
1.1842378929335003e-16
5.921189464667501e-17
5.921189464667501e-17
5.921189464667501e-17
5.921189464667501e-17
5.921189464667501e-17
5.921189464667501e-17
5.921189464667501e-17
5.921189464667501e-17
5.921189464667501e-17
5.921189464667501e-17
5.921189464667501e-17
5.921189464667501e-17
5.921189464667501e-17
5.921189464667501e-17
5.921189464667501e-17
5.921189464667501e-17
5.921189464667501e-17
5.921189464667501e-17
5.921189464667501e-17
5.921189464667501e-17
5.921189464667501e-17
5.921189464667501e-17
5.921189464667501e-17
5.921189464667501e-17
5.921189464667501e-17
5.921189464667501e-17
5.921189464667501e-17
5.921189464667501e-17
5.921189464667501e-17
5.921189464667501e-17
5.921189464667501e-17
5.921189464667501e-17
5.921189464667501e-17
5.921189464667501e-17
5.921189464667501e-17
5.921189464667501e-17
5.921189464667501e-17
5.921189464667501e-17
5.921189464667501e-17
5.921189464667501e-17
5.921189464667501e-17
5.921189464667501e-17
5.921189464667501e-17
5.921189464667501e-17
5.921189464667501e-17
5.921189464667501e-17
0.0
0.0
0.0
0.0
0.0
0.0
0.0
0.0
0.0
0.0
0.0
0.0
0.0
0.0
0.0
0.0
0.0
0.0
0.0
0.0
0.0
0.0
0.0
0.0
0.0
0.0
0.0
0.0
0.0
0.0
0.0
0.0
0.0
0.0
0.0
0.0
0.0
0.0
0.0
0.0
0.0
0.0
0.0
0.0
0.0
0.0
0.0
0.0
0.0
0.0
0.0
0.0
0.0
0.0
0.0
0.0
0.0
0.0
0.0
0.0
0.0
0.0
0.0
0.0
0.0
0.0
0.0
0.0
0.0
0.0
0.0
0.0
0.0
0.0
0.0
0.0
0.0
0.0
0.0
0.0
0.0
0.0
0.0
0.0
0.0
0.0
0.0
0.0
0.0
0.0
0.0
0.0
0.0
0.0
0.0
0.0
0.0
0.0
0.0
0.0
0.0
0.0
0.0
0.0
0.0
0.0
0.0
0.0
0.0
0.0
0.0
0.0
0.0
0.0
0.0
0.0
0.0
0.0
0.0
0.0
0.0
0.0
0.0
0.0
0.0
0.0
0.0
0.0
0.0
0.0
0.0
0.0
0.0
0.0
0.0
0.0
0.0
0.0
0.0
0.0
0.0
0.0
0.0
0.0
0.0
0.0
0.0
0.0
0.0
0.0
0.0
0.0
0.0
0.0
0.0
0.0
0.0
0.0
0.0
0.0
0.0
0.0
0.0
0.0
0.0
0.0
0.0
0.0
0.0
0.0
0.0
0.0
0.0
0.0
0.0
0.0
0.0
0.0
0.0
0.0
0.0
0.0
0.0
0.0
0.0
0.0
0.0
0.0
0.0
0.0
0.0
0.0
0.0
0.0
0.0
0.0
0.0
0.0
0.0
0.0
0.0
0.0
0.0
0.0
0.0
0.0
0.0
0.0
0.0
0.0
0.0
0.0
0.0
0.0
0.0
0.0
0.0
0.0
0.0
0.0
0.0
0.0
0.0
0.0
0.0
0.0
0.0
0.0
0.0
0.0
0.0
0.0
0.0
0.0
0.0
0.0
0.0
0.0
0.0
0.0
0.0
0.0
0.0
0.0
0.0
0.0
0.0
0.0
0.0
0.0
0.0
0.0
0.0
0.0
0.0
0.0
0.0
0.0
0.0
0.0
0.0
0.0
0.0
0.0
0.0
0.0
0.0
0.0
0.0
0.0
0.0
0.0
0.0
0.0
0.0
0.0
0.0
0.0
0.0
0.0
0.0
0.0
0.0
0.0
0.0
0.0
0.0
0.0
0.0
0.0
0.0
0.0
0.0
0.0
0.0
0.0
0.0
0.0
0.0
0.0
0.0
0.0
0.0
0.0
0.0
0.0
0.0
0.0
0.0
0.0
0.0
0.0
0.0
0.0
0.0
0.0
0.0
0.0
0.0
0.0
0.0
0.0
0.0
0.0
0.0
0.0
0.0
0.0
0.0
0.0
0.0
0.0
0.0
0.0
0.0
0.0
0.0
0.0
0.0
0.0
0.0
0.0
0.0
0.0
0.0
0.0
0.0
0.0
0.0
0.0
0.0
0.0
0.0
0.0
0.0
0.0
0.0
0.0
0.0
0.0
0.0
0.0
0.0
0.0
0.0
0.0
0.0
0.0
0.0
0.0
0.0
0.0
0.0
0.0
0.0
0.0
0.0
0.0
0.0
0.0
0.0
0.0
0.0
0.0
0.0
0.0
0.0
0.0
0.0
0.0
0.0
0.0
0.0
0.0
0.0
0.0
0.0
0.0
0.0
0.0
0.0
0.0
0.0
0.0
0.0
0.0
0.0
0.0
0.0
0.0
0.0
0.0
0.0
0.0
0.0
0.0
0.0
0.0
0.0
0.0
0.0
0.0
0.0
0.0
0.0
0.0
0.0
0.0
0.0
0.0
0.0
0.0
0.0
0.0
0.0
0.0
0.0
0.0
0.0
0.0
0.0
0.0
0.0
0.0
0.0
0.0
0.0
0.0
0.0
0.0
0.0
0.0
0.0
0.0
0.0
0.0
0.0
0.0
0.0
0.0
0.0
0.0
0.0
0.0
0.0
0.0
0.0
0.0
0.0
0.0
0.0
0.0
0.0
0.0
0.0
0.0
0.0
0.0
0.0
0.0
0.0
0.0
0.0
0.0
0.0
0.0
0.0
0.0
0.0
0.0
0.0
0.0
0.0
0.0
0.0
0.0
0.0
0.0
0.0
0.0
0.0
0.0
0.0
0.0
0.0
0.0
0.0
0.0
0.0
0.0
0.0
0.0
0.0
0.0
0.0
0.0
0.0
0.0
0.0
0.0
0.0
0.0
0.0
0.0
0.0
0.0
0.0
0.0
0.0
0.0
0.0
0.0
0.0
0.0
0.0
0.0
0.0
0.0
0.0
0.0
0.0
0.0
0.0
0.0
0.0
0.0
0.0
0.0
0.0
0.0
0.0
0.0
0.0
0.0
0.0
0.0
0.0
0.0
0.0
0.0
0.0
0.0
0.0
0.0
0.0
0.0
0.0
0.0
0.0
0.0
0.0
0.0
0.0
0.0
0.0
0.0
0.0
0.0
0.0
0.0
0.0
0.0
0.0
0.0
0.0
0.0
0.0
0.0
0.0
0.0
0.0
0.0
0.0
0.0
0.0
0.0
0.0
0.0
0.0
0.0
0.0
0.0
0.0
0.0
0.0
0.0
0.0
0.0
0.0
0.0
0.0
0.0
0.0
0.0
0.0
0.0
0.0
0.0
0.0
0.0
0.0
0.0
0.0
0.0
0.0
0.0
0.0
0.0
0.0
0.0
0.0
0.0
0.0
0.0
0.0
0.0
0.0
0.0
0.0
0.0
0.0
0.0
0.0
0.0
0.0
0.0
0.0
0.0
0.0
0.0
0.0
0.0
0.0
0.0
0.0
0.0
0.0
0.0
0.0
0.0
0.0
0.0
0.0
0.0
0.0
0.0
0.0
0.0
0.0
0.0
0.0
0.0
0.0
0.0
0.0
0.0
0.0
0.0
0.0
0.0
0.0
0.0
0.0
0.0
0.0
0.0
0.0
0.0
0.0
0.0
0.0
0.0
0.0
0.0
0.0
0.0
0.0
0.0
0.0
0.0
0.0
0.0
0.0
0.0
0.0
0.0
0.0
0.0
0.0
0.0
0.0
0.0
0.0
0.0
0.0
0.0
0.0
0.0
0.0
0.0
0.0
0.0
0.0
0.0
0.0
0.0
0.0
0.0
0.0
0.0
0.0
0.0
0.0
0.0
0.0
0.0
0.0
0.0
0.0
0.0
0.0
0.0
0.0
0.0
0.0
0.0
0.0
0.0
0.0
0.0
0.0
0.0
0.0
0.0
0.0
0.0
0.0
0.0
0.0
0.0
0.0
0.0
0.0
0.0
0.0
0.0
0.0
0.0
0.0
0.0
0.0
0.0
0.0
0.0
0.0
0.0
0.0
0.0
0.0
0.0
0.0
0.0
0.0
0.0
0.0
0.0
0.0
0.0
0.0
0.0
0.0
0.0
0.0
0.0
0.0
0.0
0.0
0.0
0.0
0.0
0.0
0.0
0.0
0.0
0.0
0.0
0.0
0.0
0.0
0.0
0.0
0.0
0.0
0.0
0.0
0.0
0.0
0.0
0.0
0.0
0.0
0.0
0.0
0.0
0.0
0.0
0.0
0.0
0.0
0.0
0.0
0.0
0.0
0.0
0.0
0.0
0.0
0.0
0.0
0.0
0.0
0.0
0.0
0.0
0.0
0.0
0.0
0.0
0.0
0.0
0.0
0.0
0.0
0.0
0.0
0.0
0.0
0.0
0.0
0.0
0.0
0.0
0.0
0.0
0.0
0.0
0.0
0.0
0.0
0.0
0.0
0.0
0.0
0.0
0.0
0.0
0.0
0.0
0.0
0.0
0.0
0.0
0.0
0.0
0.0
0.0
0.0
0.0
0.0
0.0
0.0
0.0
0.0
0.0
0.0
0.0
0.0
0.0
0.0
0.0
0.0
0.0
0.0
0.0
0.0
0.0
0.0
0.0
0.0
0.0
0.0
0.0
0.0
0.0
0.0
0.0
0.0
0.0
0.0
0.0
0.0
0.0
0.0
0.0
0.0
0.0
0.0
0.0
0.0
0.0
0.0
0.0
0.0
0.0
0.0
0.0
0.0
0.0
0.0
0.0
0.0
0.0
0.0
0.0
0.0
0.0
0.0
0.0
0.0
0.0
0.0
0.0
0.0
0.0
0.0
0.0
0.0
0.0
0.0
0.0
0.0
0.0
0.0
0.0
0.0
0.0
0.0
0.0
0.0
0.0
0.0
0.0
0.0
0.0
0.0
0.0
0.0
0.0
0.0
0.0
0.0
0.0
0.0
0.0
0.0
0.0
0.0
0.0
0.0
0.0
0.0
0.0
0.0
0.0
0.0
0.0
0.0
0.0
0.0
0.0
0.0
0.0
0.0
0.0
0.0
0.0
0.0
0.0
0.0
0.0
0.0
0.0
0.0
0.0
0.0
0.0
0.0
0.0
0.0
0.0
0.0
0.0
0.0
0.0
0.0
0.0
0.0
0.0
0.0
0.0
0.0
0.0
0.0
0.0
0.0
0.0
0.0
0.0
0.0
0.0
0.0
0.0
0.0
0.0
0.0
0.0
0.0
0.0
0.0
0.0
0.0
0.0
0.0
0.0
0.0
0.0
0.0
0.0
0.0
0.0
0.0
0.0
0.0
0.0
0.0
0.0
0.0
0.0
0.0
0.0
0.0
0.0
0.0
0.0
0.0
0.0
0.0
0.0
0.0
0.0
0.0
0.0
0.0
0.0
0.0
0.0
0.0
0.0
0.0
0.0
0.0
0.0
0.0
0.0
0.0
0.0
0.0
0.0
0.0
0.0
0.0
0.0
0.0
0.0
0.0
0.0
0.0
0.0
0.0
0.0
0.0
0.0
0.0
0.0
0.0
0.0
0.0
0.0
0.0
0.0
0.0
0.0
0.0
0.0
0.0
0.0
0.0
0.0
0.0
0.0
0.0
0.0
0.0
0.0
0.0
0.0
0.0
0.0
0.0
0.0
0.0
0.0
0.0
0.0
0.0
0.0
0.0
0.0
0.0
0.0
0.0
0.0
0.0
0.0
0.0
0.0
0.0
0.0
0.0
0.0
0.0
0.0
0.0
0.0
0.0
0.0
0.0
0.0
0.0
0.0
0.0
0.0
0.0
0.0
0.0
0.0
0.0
0.0
0.0
0.0
0.0
0.0
0.0
0.0
0.0
0.0
0.0
0.0
0.0
0.0
0.0
0.0
0.0
0.0
0.0
0.0
0.0
0.0
0.0
0.0
0.0
0.0
0.0
0.0
0.0
0.0
0.0
0.0
0.0
0.0
0.0
0.0
0.0
0.0
0.0
0.0
0.0
0.0
0.0
0.0
0.0
0.0
0.0
0.0
0.0
0.0
0.0
0.0
0.0
0.0
0.0
0.0
0.0
0.0
0.0
0.0
0.0
0.0
0.0
0.0
0.0
0.0
0.0
0.0
0.0
0.0
0.0
0.0
0.0
0.0
0.0
0.0
0.0
0.0
0.0
0.0
0.0
0.0
0.0
0.0
0.0
0.0
0.0
0.0
0.0
0.0
0.0
0.0
0.0
0.0
0.0
0.0
0.0
0.0
0.0
0.0
0.0
0.0
0.0
0.0
0.0
0.0
0.0
0.0
0.0
0.0
0.0
0.0
0.0
0.0
0.0
0.0
0.0
0.0
0.0
0.0
0.0
0.0
0.0
0.0
0.0
0.0
0.0
0.0
0.0
0.0
0.0
0.0
0.0
0.0
0.0
0.0
0.0
0.0
0.0
0.0
0.0
0.0
0.0
0.0
0.0
0.0
0.0
0.0
0.0
0.0
0.0
0.0
0.0
0.0
0.0
0.0
0.0
0.0
0.0
0.0
0.0
0.0
0.0
0.0
0.0
0.0
0.0
0.0
0.0
0.0
0.0
0.0
0.0
0.0
0.0
0.0
0.0
0.0
0.0
0.0
0.0
0.0
0.0
0.0
0.0
0.0
0.0
0.0
0.0
0.0
0.0
0.0
0.0
0.0
0.0
0.0
0.0
0.0
0.0
0.0
0.0
0.0
0.0
0.0
0.0
0.0
0.0
0.0
0.0
0.0
0.0
0.0
0.0
0.0
0.0
0.0
0.0
0.0
0.0
0.0
0.0
0.0
0.0
0.0
0.0
0.0
0.0
0.0
0.0
0.0
0.0
0.0
0.0
0.0
0.0
0.0
0.0
0.0
0.0
0.0
0.0
0.0
0.0
0.0
0.0
0.0
0.0
0.0
0.0
0.0
0.0
0.0
0.0
0.0
0.0
0.0
0.0
0.0
0.0
0.0
0.0
0.0
0.0
0.0
0.0
0.0
0.0
0.0
0.0
0.0
0.0
0.0
0.0
0.0
0.0
0.0
0.0
0.0
0.0
0.0
0.0
0.0
0.0
0.0
0.0
0.0
0.0
0.0
0.0
0.0
0.0
0.0
0.0
0.0
0.0
0.0
0.0
0.0
0.0
0.0
0.0
0.0
0.0
0.0
0.0
0.0
0.0
0.0
0.0
0.0
0.0
0.0
0.0
0.0
0.0
0.0
0.0
0.0
0.0
0.0
0.0
0.0
0.0
0.0
0.0
0.0
0.0
0.0
0.0
0.0
0.0
0.0
0.0
0.0
0.0
0.0
0.0
0.0
0.0
0.0
0.0
0.0
0.0
0.0
0.0
0.0
0.0
0.0
0.0
0.0
0.0
0.0
0.0
0.0
0.0
0.0
0.0
0.0
0.0
0.0
0.0
0.0
0.0
0.0
0.0
0.0
0.0
0.0
0.0
0.0
0.0
0.0
0.0
0.0
0.0
0.0
0.0
0.0
0.0
0.0
0.0
0.0
0.0
0.0
0.0
0.0
0.0
0.0
0.0
0.0
0.0
0.0
0.0
0.0
0.0
0.0
0.0
0.0
0.0
0.0
0.0
0.0
0.0
0.0
0.0
0.0
0.0
0.0
0.0
0.0
0.0
0.0
0.0
0.0
0.0
0.0
0.0
0.0
0.0
0.0
0.0
0.0
0.0
0.0
0.0
0.0
0.0
0.0
0.0
0.0
0.0
0.0
0.0
0.0
0.0
0.0
0.0
0.0
0.0
0.0
0.0
0.0
0.0
0.0
0.0
0.0
0.0
0.0
0.0
0.0
0.0
0.0
0.0
0.0
0.0
0.0
0.0
0.0
0.0
0.0
0.0
0.0
0.0
0.0
0.0
0.0
0.0
0.0
0.0
0.0
0.0
0.0
0.0
0.0
0.0
0.0
0.0
0.0
0.0
0.0
0.0
0.0
0.0
0.0
0.0
0.0
0.0
0.0
0.0
0.0
0.0
0.0
0.0
0.0
0.0
0.0
0.0
0.0
0.0
0.0
0.0
0.0
0.0
0.0
0.0
0.0
0.0
0.0
0.0
0.0
0.0
0.0
0.0
0.0
0.0
0.0
0.0
0.0
0.0
0.0
0.0
0.0
0.0
0.0
0.0
0.0
0.0
0.0
0.0
0.0
0.0
0.0
0.0
0.0
0.0
0.0
0.0
0.0
0.0
0.0
0.0
0.0
0.0
0.0
0.0
0.0
0.0
0.0
0.0
0.0
0.0
0.0
0.0
0.0
0.0
0.0
0.0
0.0
0.0
0.0
0.0
0.0
0.0
0.0
0.0
0.0
0.0
0.0
0.0
0.0
0.0
0.0
0.0
0.0
0.0
0.0
0.0
0.0
0.0
0.0
0.0
0.0
0.0
0.0
0.0
0.0
0.0
0.0
0.0
0.0
0.0
0.0
0.0
0.0
0.0
0.0
0.0
0.0
0.0
0.0
0.0
0.0
0.0
0.0
0.0
0.0
0.0
0.0
0.0
0.0
0.0
0.0
0.0
0.0
0.0
0.0
0.0
0.0
0.0
0.0
0.0
0.0
0.0
0.0
0.0
0.0
0.0
0.0
0.0
0.0
0.0
0.0
0.0
0.0
0.0
0.0
0.0
0.0
0.0
0.0
0.0
0.0
0.0
0.0
0.0
0.0
0.0
0.0
0.0
0.0
0.0
0.0
0.0
0.0
0.0
0.0
0.0
0.0
0.0
0.0
0.0
0.0
0.0
0.0
0.0
0.0
0.0
0.0
0.0
0.0
0.0
0.0
0.0
0.0
0.0
0.0
0.0
0.0
0.0
0.0
0.0
0.0
0.0
0.0
0.0
0.0
0.0
0.0
0.0
0.0
0.0
0.0
0.0
0.0
0.0
0.0
0.0
0.0
0.0
0.0
0.0
0.0
0.0
0.0
0.0
0.0
0.0
0.0
0.0
0.0
0.0
0.0
0.0
0.0
0.0
0.0
0.0
0.0
0.0
0.0
0.0
0.0
0.0
0.0
0.0
0.0
0.0
0.0
0.0
0.0
0.0
0.0
0.0
0.0
0.0
0.0
0.0
0.0
0.0
0.0
0.0
0.0
0.0
0.0
0.0
0.0
0.0
0.0
0.0
0.0
0.0
0.0
0.0
0.0
0.0
0.0
0.0
0.0
0.0
0.0
0.0
0.0
0.0
0.0
0.0
0.0
0.0
0.0
0.0
0.0
0.0
0.0
0.0
0.0
0.0
0.0
0.0
0.0
0.0
0.0
0.0
0.0
0.0
0.0
0.0
0.0
0.0
0.0
0.0
0.0
0.0
0.0
0.0
0.0
0.0
0.0
0.0
0.0
0.0
0.0
0.0
0.0
0.0
0.0
0.0
0.0
0.0
0.0
0.0
0.0
0.0
0.0
0.0
0.0
0.0
0.0
0.0
0.0
0.0
0.0
0.0
0.0
0.0
0.0
0.0
0.0
0.0
0.0
0.0
0.0
0.0
0.0
0.0
0.0
0.0
0.0
0.0
0.0
0.0
0.0
0.0
0.0
0.0
0.0
0.0
0.0
0.0
0.0
0.0
0.0
0.0
0.0
0.0
0.0
0.0
0.0
0.0
0.0
0.0
0.0
0.0
0.0
0.0
0.0
0.0
0.0
0.0
0.0
0.0
0.0
0.0
0.0
0.0
0.0
0.0
0.0
0.0
0.0
0.0
0.0
0.0
0.0
0.0
0.0
0.0
0.0
0.0
0.0
0.0
0.0
0.0
0.0
0.0
0.0
0.0
0.0
0.0
0.0
0.0
0.0
0.0
0.0
0.0
0.0
0.0
0.0
0.0
0.0
0.0
0.0
0.0
0.0
0.0
0.0
0.0
0.0
0.0
0.0
0.0
0.0
0.0
0.0
0.0
0.0
0.0
0.0
0.0
0.0
0.0
0.0
0.0
0.0
0.0
0.0
0.0
0.0
0.0
0.0
0.0
0.0
0.0
0.0
0.0
0.0
0.0
0.0
0.0
0.0
0.0
0.0
0.0
0.0
0.0
0.0
0.0
0.0
0.0
0.0
0.0
0.0
0.0
0.0
0.0
0.0
0.0
0.0
0.0
0.0
0.0
0.0
0.0
0.0
0.0
0.0
0.0
0.0
0.0
0.0
0.0
0.0
0.0
0.0
0.0
0.0
0.0
0.0
0.0
0.0
0.0
0.0
0.0
0.0
0.0
0.0
0.0
0.0
0.0
0.0
0.0
0.0
0.0
0.0
0.0
0.0
0.0
0.0
0.0
0.0
0.0
0.0
0.0
0.0
0.0
0.0
0.0
0.0
0.0
0.0
0.0
0.0
0.0
0.0
0.0
0.0
0.0
0.0
0.0
0.0
0.0
0.0
0.0
0.0
0.0
0.0
0.0
0.0
0.0
0.0
0.0
0.0
0.0
0.0
0.0
0.0
0.0
0.0
0.0
0.0
0.0
0.0
0.0
0.0
0.0
0.0
0.0
0.0
0.0
0.0
0.0
0.0
0.0
0.0
0.0
0.0
0.0
0.0
0.0
0.0
0.0
0.0
0.0
0.0
0.0
0.0
0.0
0.0
0.0
0.0
0.0
0.0
0.0
0.0
0.0
0.0
0.0
0.0
0.0
0.0
0.0
0.0
0.0
0.0
0.0
0.0
0.0
0.0
0.0
0.0
0.0
0.0
0.0
0.0
0.0
0.0
0.0
0.0
0.0
0.0
0.0
0.0
0.0
0.0
0.0
0.0
0.0
0.0
0.0
0.0
0.0
0.0
0.0
0.0
0.0
0.0
0.0
0.0
0.0
0.0
0.0
0.0
0.0
0.0
0.0
0.0
0.0
0.0
0.0
0.0
0.0
0.0
0.0
0.0
0.0
0.0
0.0
0.0
0.0
0.0
0.0
0.0
0.0
0.0
0.0
0.0
0.0
0.0
0.0
0.0
0.0
0.0
0.0
0.0
0.0
0.0
0.0
0.0
0.0
0.0
0.0
0.0
0.0
0.0
0.0
0.0
0.0
0.0
0.0
0.0
0.0
0.0
0.0
0.0
0.0
0.0
0.0
0.0
0.0
0.0
0.0
0.0
0.0
0.0
0.0
0.0
0.0
0.0
0.0
0.0
0.0
0.0
0.0
0.0
0.0
0.0
0.0
0.0
0.0
0.0
0.0
0.0
0.0
0.0
0.0
0.0
0.0
0.0
0.0
0.0
0.0
0.0
0.0
0.0
0.0
0.0
0.0
0.0
0.0
0.0
0.0
0.0
0.0
0.0
0.0
0.0
0.0
0.0
0.0
0.0
0.0
0.0
0.0
0.0
0.0
0.0
0.0
0.0
0.0
0.0
0.0
0.0
0.0
0.0
0.0
0.0
0.0
0.0
0.0
0.0
0.0
0.0
0.0
0.0
0.0
0.0
0.0
0.0
0.0
0.0
0.0
0.0
0.0
0.0
0.0
0.0
0.0
0.0
0.0
0.0
0.0
0.0
0.0
0.0
0.0
0.0
0.0
0.0
0.0
0.0
0.0
0.0
0.0
0.0
0.0
0.0
0.0
0.0
0.0
0.0
0.0
0.0
0.0
0.0
0.0
0.0
0.0
0.0
0.0
0.0
0.0
0.0
0.0
0.0
0.0
0.0
0.0
0.0
0.0
0.0
0.0
0.0
0.0
0.0
0.0
0.0
0.0
0.0
0.0
0.0
0.0
0.0
0.0
0.0
0.0
0.0
0.0
0.0
0.0
0.0
0.0
0.0
0.0
0.0
0.0
0.0
0.0
0.0
0.0
0.0
0.0
0.0
0.0
0.0
0.0
0.0
0.0
0.0
0.0
0.0
0.0
0.0
0.0
0.0
0.0
0.0
0.0
0.0
0.0
0.0
0.0
0.0
0.0
0.0
0.0
0.0
0.0
0.0
0.0
0.0
0.0
0.0
0.0
0.0
0.0
0.0
0.0
0.0
0.0
0.0
0.0
0.0
0.0
0.0
0.0
0.0
0.0
0.0
0.0
0.0
0.0
0.0
0.0
0.0
0.0
0.0
0.0
0.0
0.0
0.0
0.0
0.0
0.0
0.0
0.0
0.0
0.0
0.0
0.0
0.0
0.0
0.0
0.0
0.0
0.0
0.0
0.0
0.0
0.0
0.0
0.0
0.0
0.0
0.0
0.0
0.0
0.0
0.0
0.0
0.0
0.0
0.0
0.0
0.0
0.0
0.0
0.0
0.0
0.0
0.0
0.0
0.0
0.0
0.0
0.0
0.0
0.0
0.0
0.0
0.0
0.0
0.0
0.0
0.0
0.0
0.0
0.0
0.0
0.0
0.0
0.0
0.0
0.0
0.0
0.0
0.0
0.0
0.0
0.0
0.0
0.0
0.0
0.0
0.0
0.0
0.0
0.0
0.0
0.0
0.0
0.0
0.0
0.0
0.0
0.0
0.0
0.0
0.0
0.0
0.0
0.0
0.0
0.0
0.0
0.0
0.0
0.0
0.0
0.0
0.0
0.0
0.0
0.0
0.0
0.0
0.0
0.0
0.0
0.0
0.0
0.0
0.0
0.0
0.0
0.0
0.0
0.0
0.0
0.0
0.0
0.0
0.0
0.0
0.0
0.0
0.0
0.0
0.0
0.0
0.0
0.0
0.0
0.0
0.0
0.0
0.0
0.0
0.0
0.0
0.0
0.0
0.0
0.0
0.0
0.0
0.0
0.0
0.0
0.0
0.0
0.0
0.0
0.0
0.0
0.0
0.0
0.0
0.0
0.0
0.0
0.0
0.0
0.0
0.0
0.0
0.0
0.0
0.0
0.0
0.0
0.0
0.0
0.0
0.0
0.0
0.0
0.0
0.0
0.0
0.0
0.0
0.0
0.0
0.0
0.0
0.0
0.0
0.0
0.0
0.0
0.0
0.0
0.0
0.0
0.0
0.0
0.0
0.0
0.0
0.0
0.0
0.0
0.0
0.0
0.0
0.0
0.0
0.0
0.0
0.0
0.0
0.0
0.0
0.0
0.0
0.0
0.0
0.0
0.0
0.0
0.0
0.0
0.0
0.0
0.0
0.0
0.0
0.0
0.0
0.0
0.0
0.0
0.0
0.0
0.0
0.0
0.0
0.0
0.0
0.0
0.0
0.0
0.0
0.0
0.0
0.0
0.0
0.0
0.0
0.0
0.0
0.0
0.0
0.0
0.0
0.0
0.0
0.0
0.0
0.0
0.0
0.0
0.0
0.0
0.0
0.0
0.0
0.0
0.0
0.0
0.0
0.0
0.0
0.0
0.0
0.0
0.0
0.0
0.0
0.0
0.0
0.0
0.0
0.0
0.0
0.0
0.0
0.0
0.0
0.0
0.0
0.0
0.0
0.0
0.0
0.0
0.0
0.0
0.0
0.0
0.0
0.0
0.0
0.0
0.0
0.0
0.0
0.0
0.0
0.0
0.0
0.0
0.0
0.0
0.0
0.0
0.0
0.0
0.0
0.0
0.0
0.0
0.0
0.0
0.0
0.0
0.0
0.0
0.0
0.0
0.0
0.0
0.0
0.0
0.0
0.0
0.0
0.0
0.0
0.0
0.0
0.0
0.0
0.0
0.0
0.0
0.0
0.0
0.0
0.0
0.0
0.0
0.0
0.0
0.0
0.0
0.0
0.0
0.0
0.0
0.0
0.0
0.0
0.0
0.0
0.0
0.0
0.0
0.0
0.0
0.0
0.0
0.0
0.0
0.0
0.0
0.0
0.0
0.0
0.0
0.0
0.0
0.0
0.0
0.0
0.0
0.0
0.0
0.0
0.0
0.0
0.0
0.0
0.0
0.0
0.0
0.0
0.0
0.0
0.0
0.0
0.0
0.0
0.0
0.0
0.0
0.0
0.0
0.0
0.0
0.0
0.0
0.0
0.0
0.0
0.0
0.0
0.0
0.0
0.0
0.0
0.0
0.0
0.0
0.0
0.0
0.0
0.0
0.0
0.0
0.0
0.0
0.0
0.0
0.0
0.0
0.0
0.0
0.0
0.0
0.0
0.0
0.0
0.0
0.0
0.0
0.0
0.0
0.0
0.0
0.0
0.0
0.0
0.0
0.0
0.0
0.0
0.0
0.0
0.0
0.0
0.0
0.0
0.0
0.0
0.0
0.0
0.0
0.0
0.0
0.0
0.0
0.0
0.0
0.0
0.0
0.0
0.0
0.0
0.0
0.0
0.0
0.0
0.0
0.0
0.0
0.0
0.0
0.0
0.0
0.0
0.0
0.0
0.0
0.0
0.0
0.0
0.0
0.0
0.0
0.0
0.0
0.0
0.0
0.0
0.0
0.0
0.0
0.0
0.0
0.0
0.0
0.0
0.0
0.0
0.0
0.0
0.0
0.0
0.0
0.0
0.0
0.0
0.0
0.0
0.0
0.0
0.0
0.0
0.0
0.0
0.0
0.0
0.0
0.0
0.0
0.0
0.0
0.0
0.0
0.0
0.0
0.0
0.0
0.0
0.0
0.0
0.0
0.0
0.0
0.0
0.0
0.0
0.0
0.0
0.0
0.0
0.0
0.0
0.0
0.0
0.0
0.0
0.0
0.0
0.0
0.0
0.0
0.0
0.0
0.0
0.0
0.0
0.0
0.0
0.0
0.0
0.0
0.0
0.0
0.0
0.0
0.0
0.0
0.0
0.0
0.0
0.0
0.0
0.0
0.0
0.0
0.0
0.0
0.0
0.0
0.0
0.0
0.0
0.0
0.0
0.0
0.0
0.0
0.0
0.0
0.0
0.0
0.0
0.0
0.0
0.0
0.0
0.0
0.0
0.0
0.0
0.0
0.0
0.0
0.0
0.0
0.0
0.0
0.0
0.0
0.0
0.0
0.0
0.0
0.0
0.0
0.0
0.0
0.0
0.0
0.0
0.0
0.0
0.0
0.0
0.0
0.0
0.0
0.0
0.0
0.0
0.0
0.0
0.0
0.0
0.0
0.0
0.0
0.0
0.0
0.0
0.0
0.0
0.0
0.0
0.0
0.0
0.0
0.0
0.0
0.0
0.0
0.0
0.0
0.0
0.0
0.0
0.0
0.0
0.0
0.0
0.0
0.0
0.0
0.0
0.0
0.0
0.0
0.0
0.0
0.0
0.0
0.0
0.0
0.0
0.0
0.0
0.0
0.0
0.0
0.0
0.0
0.0
0.0
0.0
0.0
0.0
0.0
0.0
0.0
0.0
0.0
0.0
0.0
0.0
0.0
0.0
0.0
0.0
0.0
0.0
0.0
0.0
0.0
0.0
0.0
0.0
0.0
0.0
0.0
0.0
0.0
0.0
0.0
0.0
0.0
0.0
0.0
0.0
0.0
0.0
0.0
0.0
0.0
0.0
0.0
0.0
0.0
0.0
0.0
0.0
0.0
0.0
0.0
0.0
0.0
0.0
0.0
0.0
0.0
0.0
0.0
0.0
0.0
0.0
0.0
0.0
0.0
0.0
0.0
0.0
0.0
0.0
0.0
0.0
0.0
0.0
0.0
0.0
0.0
0.0
0.0
0.0
0.0
0.0
0.0
0.0
0.0
0.0
0.0
0.0
0.0
0.0
0.0
0.0
0.0
0.0
0.0
0.0
0.0
0.0
0.0
0.0
0.0
0.0
0.0
0.0
0.0
0.0
0.0
0.0
0.0
0.0
0.0
0.0
0.0
0.0
0.0
0.0
0.0
0.0
0.0
0.0
0.0
0.0
0.0
0.0
0.0
0.0
0.0
0.0
0.0
0.0
0.0
0.0
0.0
0.0
0.0
0.0
0.0
0.0
0.0
0.0
0.0
0.0
0.0
0.0
0.0
0.0
0.0
0.0
0.0
0.0
0.0
0.0
0.0
0.0
0.0
0.0
0.0
0.0
0.0
0.0
0.0
0.0
0.0
0.0
0.0
0.0
0.0
0.0
0.0
0.0
0.0
0.0
0.0
0.0
0.0
0.0
0.0
0.0
0.0
0.0
0.0
0.0
0.0
0.0
0.0
0.0
0.0
0.0
0.0
0.0
0.0
0.0
0.0
0.0
0.0
0.0
0.0
0.0
0.0
0.0
0.0
0.0
0.0
0.0
0.0
0.0
0.0
0.0
0.0
0.0
0.0
0.0
0.0
0.0
0.0
0.0
0.0
0.0
0.0
0.0
0.0
0.0
0.0
0.0
0.0
0.0
0.0
0.0
0.0
0.0
0.0
0.0
0.0
0.0
0.0
0.0
0.0
0.0
0.0
0.0
0.0
0.0
0.0
0.0
0.0
0.0
0.0
0.0
0.0
0.0
0.0
0.0
0.0
0.0
0.0
0.0
0.0
0.0
0.0
0.0
0.0
0.0
0.0
0.0
0.0
0.0
0.0
0.0
0.0
0.0
0.0
0.0
0.0
0.0
0.0
0.0
0.0
0.0
0.0
0.0
0.0
0.0
0.0
0.0
0.0
0.0
0.0
0.0
0.0
0.0
0.0
0.0
0.0
0.0
0.0
0.0
0.0
0.0
0.0
0.0
0.0
0.0
0.0
0.0
0.0
0.0
0.0
0.0
0.0
0.0
0.0
0.0
0.0
0.0
0.0
0.0
0.0
0.0
0.0
0.0
0.0
0.0
0.0
0.0
0.0
0.0
0.0
0.0
0.0
0.0
0.0
0.0
0.0
0.0
0.0
0.0
0.0
0.0
0.0
0.0
0.0
0.0
0.0
0.0
0.0
0.0
0.0
0.0
0.0
0.0
0.0
0.0
0.0
0.0
0.0
0.0
0.0
0.0
0.0
0.0
0.0
0.0
0.0
0.0
0.0
0.0
0.0
0.0
0.0
0.0
0.0
0.0
0.0
0.0
0.0
0.0
0.0
0.0
0.0
0.0
0.0
0.0
0.0
0.0
0.0
0.0
0.0
0.0
0.0
0.0
0.0
0.0
0.0
0.0
0.0
0.0
0.0
0.0
0.0
0.0
0.0
0.0
0.0
0.0
0.0
0.0
0.0
0.0
0.0
0.0
0.0
0.0
0.0
0.0
0.0
0.0
0.0
0.0
0.0
0.0
0.0
0.0
0.0
0.0
0.0
0.0
0.0
0.0
0.0
0.0
0.0
0.0
0.0
0.0
0.0
0.0
0.0
0.0
0.0
0.0
0.0
0.0
0.0
0.0
0.0
0.0
0.0
0.0
0.0
0.0
0.0
0.0
0.0
0.0
0.0
0.0
0.0
0.0
0.0
0.0
0.0
0.0
0.0
0.0
0.0
0.0
0.0
0.0
0.0
0.0
0.0
0.0
0.0
0.0
0.0
0.0
0.0
0.0
0.0
0.0
0.0
0.0
0.0
0.0
0.0
0.0
0.0
0.0
0.0
0.0
0.0
0.0
0.0
0.0
0.0
0.0
0.0
0.0
0.0
0.0
0.0
0.0
0.0
0.0
0.0
0.0
0.0
0.0
0.0
0.0
0.0
0.0
0.0
0.0
0.0
0.0
0.0
0.0
0.0
0.0
0.0
0.0
0.0
0.0
0.0
0.0
0.0
0.0
0.0
0.0
0.0
0.0
0.0
0.0
0.0
0.0
0.0
0.0
0.0
0.0
0.0
0.0
0.0
0.0
0.0
0.0
0.0
0.0
0.0
0.0
0.0
0.0
0.0
0.0
0.0
0.0
0.0
0.0
0.0
0.0
0.0
0.0
0.0
0.0
0.0
0.0
0.0
0.0
0.0
0.0
0.0
0.0
0.0
0.0
0.0
0.0
0.0
0.0
0.0
0.0
0.0
0.0
0.0
0.0
0.0
0.0
0.0
0.0
0.0
0.0
0.0
0.0
0.0
0.0
0.0
0.0
0.0
0.0
0.0
0.0
0.0
0.0
0.0
0.0
0.0
0.0
0.0
0.0
0.0
0.0
0.0
0.0
0.0
0.0
0.0
0.0
0.0
0.0
0.0
0.0
0.0
0.0
0.0
0.0
0.0
0.0
0.0
0.0
0.0
0.0
0.0
0.0
0.0
0.0
0.0
0.0
0.0
0.0
0.0
0.0
0.0
0.0
0.0
0.0
0.0
0.0
0.0
0.0
0.0
0.0
0.0
0.0
0.0
0.0
0.0
0.0
0.0
0.0
0.0
0.0
0.0
0.0
0.0
0.0
0.0
0.0
0.0
0.0
0.0
0.0
0.0
0.0
0.0
0.0
0.0
0.0
0.0
0.0
0.0
0.0
0.0
0.0
0.0
0.0
0.0
0.0
0.0
0.0
0.0
0.0
0.0
0.0
0.0
0.0
0.0
0.0
0.0
0.0
0.0
0.0
0.0
0.0
0.0
0.0
0.0
0.0
0.0
0.0
0.0
0.0
0.0
0.0
0.0
0.0
0.0
0.0
0.0
0.0
0.0
0.0
0.0
0.0
0.0
0.0
0.0
0.0
0.0
0.0
0.0
0.0
0.0
0.0
0.0
0.0
0.0
0.0
0.0
0.0
0.0
0.0
0.0
0.0
0.0
0.0
0.0
0.0
0.0
0.0
0.0
0.0
0.0
0.0
0.0
0.0
0.0
0.0
0.0
0.0
0.0
0.0
0.0
0.0
0.0
0.0
0.0
0.0
0.0
0.0
0.0
0.0
0.0
0.0
0.0
0.0
0.0
0.0
0.0
0.0
0.0
0.0
0.0
0.0
0.0
0.0
0.0
0.0
0.0
0.0
0.0
0.0
0.0
0.0
0.0
0.0
0.0
0.0
0.0
0.0
0.0
0.0
0.0
0.0
0.0
0.0
0.0
0.0
0.0
0.0
0.0
0.0
0.0
0.0
0.0
0.0
0.0
0.0
0.0
0.0
0.0
0.0
0.0
0.0
0.0
0.0
0.0
0.0
0.0
0.0
0.0
0.0
0.0
0.0
0.0
0.0
0.0
0.0
0.0
0.0
0.0
0.0
0.0
0.0
0.0
0.0
0.0
0.0
0.0
0.0
0.0
0.0
0.0
0.0
0.0
0.0
0.0
0.0
0.0
0.0
0.0
0.0
0.0
0.0
0.0
0.0
0.0
0.0
0.0
0.0
0.0
0.0
0.0
0.0
0.0
0.0
0.0
0.0
0.0
0.0
0.0
0.0
0.0
0.0
0.0
0.0
0.0
0.0
0.0
0.0
0.0
0.0
0.0
0.0
0.0
0.0
0.0
0.0
0.0
0.0
0.0
0.0
0.0
0.0
0.0
0.0
0.0
0.0
0.0
0.0
0.0
0.0
0.0
0.0
0.0
0.0
0.0
0.0
0.0
0.0
0.0
0.0
0.0
0.0
0.0
0.0
0.0
0.0
0.0
0.0
0.0
0.0
0.0
0.0
0.0
0.0
0.0
0.0
0.0
0.0
0.0
0.0
0.0
0.0
0.0
0.0
0.0
0.0
0.0
0.0
0.0
0.0
0.0
0.0
0.0
0.0
0.0
0.0
0.0
0.0
0.0
0.0
0.0
0.0
0.0
0.0
0.0
0.0
0.0
0.0
0.0
0.0
0.0
0.0
0.0
0.0
0.0
0.0
0.0
0.0
0.0
0.0
0.0
0.0
0.0
0.0
0.0
0.0
0.0
0.0
0.0
0.0
0.0
0.0
0.0
0.0
0.0
0.0
0.0
0.0
0.0
0.0
0.0
0.0
0.0
0.0
0.0
0.0
0.0
0.0
0.0
0.0
0.0
0.0
0.0
0.0
0.0
0.0
0.0
0.0
0.0
0.0
0.0
0.0
0.0
0.0
0.0
0.0
0.0
0.0
0.0
0.0
0.0
0.0
0.0
0.0
0.0
0.0
0.0
0.0
0.0
0.0
0.0
0.0
0.0
0.0
0.0
0.0
0.0
0.0
0.0
0.0
0.0
0.0
0.0
0.0
0.0
0.0
0.0
0.0
0.0
0.0
0.0
0.0
0.0
0.0
0.0
0.0
0.0
0.0
0.0
0.0
0.0
0.0
0.0
0.0
0.0
0.0
0.0
0.0
0.0
0.0
0.0
0.0
0.0
0.0
0.0
0.0
0.0
0.0
0.0
0.0
0.0
0.0
0.0
0.0
0.0
0.0
0.0
0.0
0.0
0.0
0.0
0.0
0.0
0.0
0.0
0.0
0.0
0.0
0.0
0.0
0.0
0.0
0.0
0.0
0.0
0.0
0.0
0.0
0.0
0.0
0.0
0.0
0.0
0.0
0.0
0.0
0.0
0.0
0.0
0.0
0.0
0.0
0.0
0.0
0.0
0.0
0.0
0.0
0.0
0.0
0.0
0.0
0.0
0.0
0.0
0.0
0.0
0.0
0.0
0.0
0.0
0.0
0.0
0.0
0.0
0.0
0.0
0.0
0.0
0.0
0.0
0.0
0.0
0.0
0.0
0.0
0.0
0.0
0.0
0.0
0.0
0.0
0.0
0.0
0.0
0.0
0.0
0.0
0.0
0.0
0.0
0.0
0.0
0.0
0.0
0.0
0.0
0.0
0.0
0.0
0.0
0.0
0.0
0.0
0.0
0.0
0.0
0.0
0.0
0.0
0.0
0.0
0.0
0.0
0.0
0.0
0.0
0.0
0.0
0.0
0.0
0.0
0.0
0.0
0.0
0.0
0.0
0.0
0.0
0.0
0.0
0.0
0.0
0.0
0.0
0.0
0.0
0.0
0.0
0.0
0.0
0.0
0.0
0.0
0.0
0.0
0.0
0.0
0.0
0.0
0.0
0.0
0.0
0.0
0.0
0.0
0.0
0.0
0.0
0.0
0.0
0.0
0.0
0.0
0.0
0.0
0.0
0.0
0.0
0.0
0.0
0.0
0.0
0.0
0.0
0.0
0.0
0.0
0.0
0.0
0.0
0.0
0.0
0.0
0.0
0.0
0.0
0.0
0.0
0.0
0.0
0.0
0.0
0.0
0.0
0.0
0.0
0.0
0.0
0.0
0.0
0.0
0.0
0.0
0.0
0.0
0.0
0.0
0.0
0.0
0.0
0.0
0.0
0.0
0.0
0.0
0.0
0.0
0.0
0.0
0.0
0.0
0.0
0.0
0.0
0.0
0.0
0.0
0.0
0.0
0.0
0.0
0.0
0.0
0.0
0.0
0.0
0.0
0.0
0.0
0.0
0.0
0.0
0.0
0.0
0.0
0.0
0.0
0.0
0.0
0.0
0.0
0.0
0.0
0.0
0.0
0.0
0.0
0.0
0.0
0.0
0.0
0.0
0.0
0.0
0.0
0.0
0.0
0.0
0.0
0.0
0.0
0.0
0.0
0.0
0.0
0.0
0.0
0.0
0.0
0.0
0.0
0.0
0.0
0.0
0.0
0.0
0.0
0.0
0.0
0.0
0.0
0.0
0.0
0.0
0.0
0.0
0.0
0.0
0.0
0.0
0.0
0.0
0.0
0.0
0.0
0.0
0.0
0.0
0.0
0.0
0.0
0.0
0.0
0.0
0.0
0.0
0.0
0.0
0.0
0.0
0.0
0.0
0.0
0.0
0.0
0.0
0.0
0.0
0.0
0.0
0.0
0.0
0.0
0.0
0.0
0.0
0.0
0.0
0.0
0.0
0.0
0.0
0.0
0.0
0.0
0.0
0.0
0.0
0.0
0.0
0.0
0.0
0.0
0.0
0.0
0.0
0.0
0.0
0.0
0.0
0.0
0.0
0.0
0.0
0.0
0.0
0.0
0.0
0.0
0.0
0.0
0.0
0.0
0.0
0.0
0.0
0.0
0.0
0.0
0.0
0.0
0.0
0.0
0.0
0.0
0.0
0.0
0.0
0.0
0.0
0.0
0.0
0.0
0.0
0.0
0.0
0.0
0.0
0.0
0.0
0.0
0.0
0.0
0.0
0.0
0.0
0.0
0.0
0.0
0.0
0.0
0.0
0.0
0.0
0.0
0.0
0.0
0.0
0.0
0.0
0.0
0.0
0.0
0.0
0.0
0.0
0.0
0.0
0.0
0.0
0.0
0.0
0.0
0.0
0.0
0.0
0.0
0.0
0.0
0.0
0.0
0.0
0.0
0.0
0.0
0.0
0.0
0.0
0.0
0.0
0.0
0.0
0.0
0.0
0.0
0.0
0.0
0.0
0.0
0.0
0.0
0.0
0.0
0.0
0.0
0.0
0.0
0.0
0.0
0.0
0.0
0.0
0.0
0.0
0.0
0.0
0.0
0.0
0.0
0.0
0.0
0.0
0.0
0.0
0.0
0.0
0.0
0.0
0.0
0.0
0.0
0.0
0.0
0.0
0.0
0.0
0.0
0.0
0.0
0.0
0.0
0.0
0.0
0.0
0.0
0.0
0.0
0.0
0.0
0.0
0.0
0.0
0.0
0.0
0.0
0.0
0.0
0.0
0.0
0.0
0.0
0.0
0.0
0.0
0.0
0.0
0.0
0.0
0.0
0.0
0.0
0.0
0.0
0.0
0.0
0.0
0.0
0.0
0.0
0.0
0.0
0.0
0.0
0.0
0.0
0.0
0.0
0.0
0.0
0.0
0.0
0.0
0.0
0.0
0.0
0.0
0.0
0.0
0.0
0.0
0.0
0.0
0.0
0.0
0.0
0.0
0.0
0.0
0.0
0.0
0.0
0.0
0.0
0.0
0.0
0.0
0.0
0.0
0.0
0.0
0.0
0.0
0.0
0.0
0.0
0.0
0.0
0.0
0.0
0.0
0.0
0.0
0.0
0.0
0.0
0.0
0.0
0.0
0.0
0.0
0.0
0.0
0.0
0.0
0.0
0.0
0.0
0.0
0.0
0.0
0.0
0.0
0.0
0.0
0.0
0.0
0.0
0.0
0.0
0.0
0.0
0.0
0.0
0.0
0.0
0.0
0.0
0.0
0.0
0.0
0.0
0.0
0.0
0.0
0.0
0.0
0.0
0.0
0.0
0.0
0.0
0.0
0.0
0.0
0.0
0.0
0.0
0.0
0.0
0.0
0.0
0.0
0.0
0.0
0.0
0.0
0.0
0.0
0.0
0.0
0.0
0.0
0.0
0.0
0.0
0.0
0.0
0.0
0.0
0.0
0.0
0.0
0.0
0.0
0.0
0.0
0.0
0.0
0.0
0.0
0.0
0.0
0.0
0.0
0.0
0.0
0.0
0.0
0.0
0.0
0.0
0.0
0.0
0.0
0.0
0.0
0.0
0.0
0.0
0.0
0.0
0.0
0.0
0.0
0.0
0.0
0.0
0.0
0.0
0.0
0.0
0.0
0.0
0.0
0.0
0.0
0.0
0.0
0.0
0.0
0.0
0.0
0.0
0.0
0.0
0.0
0.0
0.0
0.0
0.0
0.0
0.0
0.0
0.0
0.0
0.0
0.0
0.0
0.0
0.0
0.0
0.0
0.0
0.0
0.0
0.0
0.0
0.0
0.0
0.0
0.0
0.0
0.0
0.0
0.0
0.0
0.0
0.0
0.0
0.0
0.0
0.0
0.0
0.0
0.0
0.0
0.0
0.0
0.0
0.0
0.0
0.0
0.0
0.0
0.0
0.0
0.0
0.0
0.0
0.0
0.0
0.0
0.0
0.0
0.0
0.0
0.0
0.0
0.0
0.0
0.0
0.0
0.0
0.0
0.0
0.0
0.0
0.0
0.0
0.0
0.0
0.0
0.0
0.0
0.0
0.0
0.0
0.0
0.0
0.0
0.0
0.0
0.0
0.0
0.0
0.0
0.0
0.0
0.0
0.0
0.0
0.0
0.0
0.0
0.0
0.0
0.0
0.0
0.0
0.0
0.0
0.0
0.0
0.0
0.0
0.0
0.0
0.0
0.0
0.0
0.0
0.0
0.0
0.0
0.0
0.0
0.0
0.0
0.0
0.0
0.0
0.0
0.0
0.0
0.0
0.0
0.0
0.0
0.0
0.0
0.0
0.0
0.0
0.0
0.0
0.0
0.0
0.0
0.0
0.0
0.0
0.0
0.0
0.0
0.0
0.0
0.0
0.0
0.0
0.0
0.0
0.0
0.0
0.0
0.0
0.0
0.0
0.0
0.0
0.0
0.0
0.0
0.0
0.0
0.0
0.0
0.0
0.0
0.0
0.0
0.0
0.0
0.0
0.0
0.0
0.0
0.0
0.0
0.0
0.0
0.0
0.0
0.0
0.0
0.0
0.0
0.0
0.0
0.0
0.0
0.0
0.0
0.0
0.0
0.0
0.0
0.0
0.0
0.0
0.0
0.0
0.0
0.0
0.0
0.0
0.0
0.0
0.0
0.0
0.0
0.0
0.0
0.0
0.0
0.0
0.0
0.0
0.0
0.0
0.0
0.0
0.0
0.0
0.0
0.0
0.0
0.0
0.0
0.0
0.0
0.0
0.0
0.0
0.0
0.0
0.0
0.0
0.0
0.0
0.0
0.0
0.0
0.0
0.0
0.0
0.0
0.0
0.0
0.0
0.0
0.0
0.0
0.0
0.0
0.0
0.0
0.0
0.0
0.0
0.0
0.0
0.0
0.0
0.0
0.0
0.0
0.0
0.0
0.0
0.0
0.0
0.0
0.0
0.0
0.0
0.0
0.0
0.0
0.0
0.0
0.0
0.0
0.0
0.0
0.0
0.0
0.0
0.0
0.0
0.0
0.0
0.0
0.0
0.0
0.0
0.0
0.0
0.0
0.0
0.0
0.0
0.0
0.0
0.0
0.0
0.0
0.0
0.0
0.0
0.0
0.0
0.0
0.0
0.0
0.0
0.0
0.0
0.0
0.0
0.0
0.0
0.0
0.0
0.0
0.0
0.0
0.0
0.0
0.0
0.0
0.0
0.0
0.0
0.0
0.0
0.0
0.0
0.0
0.0
0.0
0.0
0.0
0.0
0.0
0.0
0.0
0.0
0.0
0.0
0.0
0.0
0.0
0.0
0.0
0.0
0.0
0.0
0.0
0.0
0.0
0.0
0.0
0.0
0.0
0.0
0.0
0.0
0.0
0.0
0.0
0.0
0.0
0.0
0.0
0.0
0.0
0.0
0.0
0.0
0.0
0.0
0.0
0.0
0.0
0.0
0.0
0.0
0.0
0.0
0.0
0.0
0.0
0.0
0.0
0.0
0.0
0.0
0.0
0.0
0.0
0.0
0.0
0.0
0.0
0.0
0.0
0.0
0.0
0.0
0.0
0.0
0.0
0.0
0.0
0.0
0.0
0.0
0.0
0.0
0.0
0.0
0.0
0.0
0.0
0.0
0.0
0.0
0.0
0.0
0.0
0.0
0.0
0.0
0.0
0.0
0.0
0.0
0.0
0.0
0.0
0.0
0.0
0.0
0.0
0.0
0.0
0.0
0.0
0.0
0.0
0.0
0.0
0.0
0.0
0.0
0.0
0.0
0.0
0.0
0.0
0.0
0.0
0.0
0.0
0.0
0.0
0.0
0.0
0.0
0.0
0.0
0.0
0.0
0.0
0.0
0.0
0.0
0.0
0.0
0.0
0.0
0.0
0.0
0.0
0.0
0.0
0.0
0.0
0.0
0.0
0.0
0.0
0.0
0.0
0.0
0.0
0.0
0.0
0.0
0.0
0.0
0.0
0.0
0.0
0.0
0.0
0.0
0.0
0.0
0.0
0.0
0.0
0.0
0.0
0.0
0.0
0.0
0.0
0.0
0.0
0.0
0.0
0.0
0.0
0.0
0.0
0.0
0.0
0.0
0.0
0.0
0.0
0.0
0.0
0.0
0.0
0.0
0.0
0.0
0.0
0.0
0.0
0.0
0.0
0.0
0.0
0.0
0.0
0.0
0.0
0.0
0.0
0.0
0.0
0.0
0.0
0.0
0.0
0.0
0.0
0.0
0.0
0.0
0.0
0.0
0.0
0.0
0.0
0.0
0.0
0.0
0.0
0.0
0.0
0.0
0.0
0.0
0.0
0.0
0.0
0.0
0.0
0.0
0.0
0.0
0.0
0.0
0.0
0.0
0.0
0.0
0.0
0.0
0.0
0.0
0.0
0.0
0.0
0.0
0.0
0.0
0.0
0.0
0.0
0.0
0.0
0.0
0.0
0.0
0.0
0.0
0.0
0.0
0.0
0.0
0.0
0.0
0.0
0.0
0.0
0.0
0.0
0.0
0.0
0.0
0.0
0.0
0.0
0.0
0.0
0.0
0.0
0.0
0.0
0.0
0.0
0.0
0.0
0.0
0.0
0.0
0.0
0.0
0.0
0.0
0.0
0.0
0.0
0.0
0.0
0.0
0.0
0.0
0.0
0.0
0.0
0.0
0.0
0.0
0.0
0.0
0.0
0.0
0.0
0.0
0.0
0.0
0.0
0.0
0.0
0.0
0.0
0.0
0.0
0.0
0.0
0.0
0.0
0.0
0.0
0.0
0.0
0.0
0.0
0.0
0.0
0.0
0.0
0.0
0.0
0.0
0.0
0.0
0.0
0.0
0.0
0.0
0.0
0.0
0.0
0.0
0.0
0.0
0.0
0.0
0.0
0.0
0.0
0.0
0.0
0.0
0.0
0.0
0.0
0.0
0.0
0.0
0.0
0.0
0.0
0.0
0.0
0.0
0.0
0.0
0.0
0.0
0.0
0.0
0.0
0.0
0.0
0.0
0.0
0.0
0.0
0.0
0.0
0.0
0.0
0.0
0.0
0.0
0.0
0.0
0.0
0.0
0.0
0.0
0.0
0.0
0.0
0.0
0.0
0.0
0.0
0.0
0.0
0.0
0.0
0.0
0.0
0.0
0.0
0.0
0.0
0.0
0.0
0.0
0.0
0.0
0.0
0.0
0.0
0.0
0.0
0.0
0.0
0.0
0.0
0.0
0.0
0.0
0.0
0.0
0.0
0.0
0.0
0.0
0.0
0.0
0.0
0.0
0.0
0.0
0.0
0.0
0.0
0.0
0.0
0.0
0.0
0.0
0.0
0.0
0.0
0.0
0.0
0.0
0.0
0.0
0.0
0.0
0.0
0.0
0.0
0.0
0.0
0.0
0.0
0.0
0.0
0.0
0.0
0.0
0.0
0.0
0.0
0.0
0.0
0.0
0.0
0.0
0.0
0.0
0.0
0.0
0.0
0.0
0.0
0.0
0.0
0.0
0.0
0.0
0.0
0.0
0.0
0.0
0.0
0.0
0.0
0.0
0.0
0.0
0.0
0.0
0.0
0.0
0.0
0.0
0.0
0.0
0.0
0.0
0.0
0.0
0.0
0.0
0.0
0.0
0.0
0.0
0.0
0.0
0.0
0.0
0.0
0.0
0.0
0.0
0.0
0.0
0.0
0.0
0.0
0.0
0.0
0.0
0.0
0.0
0.0
0.0
0.0
0.0
0.0
0.0
0.0
0.0
0.0
0.0
0.0
0.0
0.0
0.0
0.0
0.0
0.0
0.0
0.0
0.0
0.0
0.0
0.0
0.0
0.0
0.0
0.0
0.0
0.0
0.0
0.0
0.0
0.0
0.0
0.0
0.0
0.0
0.0
0.0
0.0
0.0
0.0
0.0
0.0
0.0
0.0
0.0
0.0
0.0
0.0
0.0
0.0
0.0
0.0
0.0
0.0
0.0
0.0
0.0
0.0
0.0
0.0
0.0
0.0
0.0
0.0
0.0
0.0
0.0
0.0
0.0
0.0
0.0
0.0
0.0
0.0
0.0
0.0
0.0
0.0
0.0
0.0
0.0
0.0
0.0
0.0
0.0
0.0
0.0
0.0
0.0
0.0
0.0
0.0
0.0
0.0
0.0
0.0
0.0
0.0
0.0
0.0
0.0
0.0
0.0
0.0
0.0
0.0
0.0
0.0
0.0
0.0
0.0
0.0
0.0
0.0
0.0
0.0
0.0
0.0
0.0
0.0
0.0
0.0
0.0
0.0
0.0
0.0
0.0
0.0
0.0
0.0
0.0
0.0
0.0
0.0
0.0
0.0
0.0
0.0
0.0
0.0
0.0
0.0
0.0
0.0
0.0
0.0
0.0
0.0
0.0
0.0
0.0
0.0
0.0
0.0
0.0
0.0
0.0
0.0
0.0
0.0
0.0
0.0
0.0
0.0
0.0
0.0
0.0
0.0
0.0
0.0
0.0
0.0
0.0
0.0
0.0
0.0
0.0
0.0
0.0
0.0
0.0
0.0
0.0
0.0
0.0
0.0
0.0
0.0
0.0
0.0
0.0
0.0
0.0
0.0
0.0
0.0
0.0
0.0
0.0
0.0
0.0
0.0
0.0
0.0
0.0
0.0
0.0
0.0
0.0
0.0
0.0
0.0
0.0
0.0
0.0
0.0
0.0
0.0
0.0
0.0
0.0
0.0
0.0
0.0
0.0
0.0
0.0
0.0
0.0
0.0
0.0
0.0
0.0
0.0
0.0
0.0
0.0
0.0
0.0
0.0
0.0
0.0
0.0
0.0
0.0
0.0
0.0
0.0
0.0
0.0
0.0
0.0
0.0
0.0
0.0
0.0
0.0
0.0
0.0
0.0
0.0
0.0
0.0
0.0
0.0
0.0
0.0
0.0
0.0
0.0
0.0
0.0
0.0
0.0
0.0
0.0
0.0
0.0
0.0
0.0
0.0
0.0
0.0
0.0
0.0
0.0
0.0
0.0
0.0
0.0
0.0
0.0
0.0
0.0
0.0
0.0
0.0
0.0
0.0
0.0
0.0
0.0
0.0
0.0
0.0
0.0
0.0
0.0
0.0
0.0
0.0
0.0
0.0
0.0
0.0
0.0
0.0
0.0
0.0
0.0
0.0
0.0
0.0
0.0
0.0
0.0
0.0
0.0
0.0
0.0
0.0
0.0
0.0
0.0
0.0
0.0
0.0
0.0
0.0
0.0
0.0
0.0
0.0
0.0
0.0
0.0
0.0
0.0
0.0
0.0
0.0
0.0
0.0
0.0
0.0
0.0
0.0
0.0
0.0
0.0
0.0
0.0
0.0
0.0
0.0
0.0
0.0
0.0
0.0
0.0
0.0
0.0
0.0
0.0
0.0
0.0
0.0
0.0
0.0
0.0
0.0
0.0
0.0
0.0
0.0
0.0
0.0
0.0
0.0
0.0
0.0
0.0
0.0
0.0
0.0
0.0
0.0
0.0
0.0
0.0
0.0
0.0
0.0
0.0
0.0
0.0
0.0
0.0
0.0
0.0
0.0
0.0
0.0
0.0
0.0
0.0
0.0
0.0
0.0
0.0
0.0
0.0
0.0
0.0
0.0
0.0
0.0
0.0
0.0
0.0
0.0
0.0
0.0
0.0
0.0
0.0
0.0
0.0
0.0
0.0
0.0
0.0
0.0
0.0
0.0
0.0
0.0
0.0
0.0
0.0
0.0
0.0
0.0
0.0
0.0
0.0
0.0
0.0
0.0
0.0
0.0
0.0
0.0
0.0
0.0
0.0
0.0
0.0
0.0
0.0
0.0
0.0
0.0
0.0
0.0
0.0
0.0
0.0
0.0
0.0
0.0
0.0
0.0
0.0
0.0
0.0
0.0
0.0
0.0
0.0
0.0
0.0
0.0
0.0
0.0
0.0
0.0
0.0
0.0
0.0
0.0
0.0
0.0
0.0
0.0
0.0
0.0
0.0
0.0
0.0
0.0
0.0
0.0
0.0
0.0
0.0
0.0
0.0
0.0
0.0
0.0
0.0
0.0
0.0
0.0
0.0
0.0
0.0
0.0
0.0
0.0
0.0
0.0
0.0
0.0
0.0
0.0
0.0
0.0
0.0
0.0
0.0
0.0
0.0
0.0
0.0
0.0
0.0
0.0
0.0
0.0
0.0
0.0
0.0
0.0
0.0
0.0
0.0
0.0
0.0
0.0
0.0
0.0
0.0
0.0
0.0
0.0
0.0
0.0
0.0
0.0
0.0
0.0
0.0
0.0
0.0
0.0
0.0
0.0
0.0
0.0
0.0
0.0
0.0
0.0
0.0
0.0
0.0
0.0
0.0
0.0
0.0
0.0
0.0
0.0
0.0
0.0
0.0
0.0
0.0
0.0
0.0
0.0
0.0
0.0
0.0
0.0
0.0
0.0
0.0
0.0
0.0
0.0
0.0
0.0
0.0
0.0
0.0
0.0
0.0
0.0
0.0
0.0
0.0
0.0
0.0
0.0
0.0
0.0
0.0
0.0
0.0
0.0
0.0
0.0
0.0
0.0
0.0
0.0
0.0
0.0
0.0
0.0
0.0
0.0
0.0
0.0
0.0
0.0
0.0
0.0
0.0
0.0
0.0
0.0
0.0
0.0
0.0
0.0
0.0
0.0
0.0
0.0
0.0
0.0
0.0
0.0
0.0
0.0
0.0
0.0
0.0
0.0
0.0
0.0
0.0
0.0
0.0
0.0
0.0
0.0
0.0
0.0
0.0
0.0
0.0
0.0
0.0
0.0
0.0
0.0
0.0
0.0
0.0
0.0
0.0
0.0
0.0
0.0
0.0
0.0
0.0
0.0
0.0
0.0
0.0
0.0
0.0
0.0
0.0
0.0
0.0
0.0
0.0
0.0
0.0
0.0
0.0
0.0
0.0
0.0
0.0
0.0
0.0
0.0
0.0
0.0
0.0
0.0
0.0
0.0
0.0
0.0
0.0
0.0
0.0
0.0
0.0
0.0
0.0
0.0
0.0
0.0
0.0
0.0
0.0
0.0
0.0
0.0
0.0
0.0
0.0
0.0
0.0
0.0
0.0
0.0
0.0
0.0
0.0
0.0
0.0
0.0
0.0
0.0
0.0
0.0
0.0
0.0
0.0
0.0
0.0
0.0
0.0
0.0
0.0
0.0
0.0
0.0
0.0
0.0
0.0
0.0
0.0
0.0
0.0
0.0
0.0
0.0
0.0
0.0
0.0
0.0
0.0
0.0
0.0
0.0
0.0
0.0
0.0
0.0
0.0
0.0
0.0
0.0
0.0
0.0
0.0
0.0
0.0
0.0
0.0
0.0
0.0
0.0
0.0
0.0
0.0
0.0
0.0
0.0
0.0
0.0
0.0
0.0
0.0
0.0
0.0
0.0
0.0
0.0
0.0
0.0
0.0
0.0
0.0
0.0
0.0
0.0
0.0
0.0
0.0
0.0
0.0
0.0
0.0
0.0
0.0
0.0
0.0
0.0
0.0
0.0
0.0
0.0
0.0
0.0
0.0
0.0
0.0
0.0
0.0
0.0
0.0
0.0
0.0
0.0
0.0
0.0
0.0
0.0
0.0
0.0
0.0
0.0
0.0
0.0
0.0
0.0
0.0
0.0
0.0
0.0
0.0
0.0
0.0
0.0
0.0
0.0
0.0
0.0
0.0
0.0
0.0
0.0
0.0
0.0
0.0
0.0
0.0
0.0
0.0
0.0
0.0
0.0
0.0
0.0
0.0
0.0
0.0
0.0
0.0
0.0
0.0
0.0
0.0
0.0
0.0
0.0
0.0
0.0
0.0
0.0
0.0
0.0
0.0
0.0
0.0
0.0
0.0
0.0
0.0
0.0
0.0
0.0
0.0
0.0
0.0
0.0
0.0
0.0
0.0
0.0
0.0
0.0
0.0
0.0
0.0
0.0
0.0
0.0
0.0
0.0
0.0
0.0
0.0
0.0
0.0
0.0
0.0
0.0
0.0
0.0
0.0
0.0
0.0
0.0
0.0
0.0
0.0
0.0
0.0
0.0
0.0
0.0
0.0
0.0
0.0
0.0
0.0
0.0
0.0
0.0
0.0
0.0
0.0
0.0
0.0
0.0
0.0
0.0
0.0
0.0
0.0
0.0
0.0
0.0
0.0
0.0
0.0
0.0
0.0
0.0
0.0
0.0
0.0
0.0
0.0
0.0
0.0
0.0
0.0
0.0
0.0
0.0
0.0
0.0
0.0
0.0
0.0
0.0
0.0
0.0
0.0
0.0
0.0
0.0
0.0
0.0
0.0
0.0
0.0
0.0
0.0
0.0
0.0
0.0
0.0
0.0
0.0
0.0
0.0
0.0
0.0
0.0
0.0
0.0
0.0
0.0
0.0
0.0
0.0
0.0
0.0
0.0
0.0
0.0
0.0
0.0
0.0
0.0
0.0
0.0
0.0
0.0
0.0
0.0
0.0
0.0
0.0
0.0
0.0
0.0
0.0
0.0
0.0
0.0
0.0
0.0
0.0
0.0
0.0
0.0
0.0
0.0
0.0
0.0
0.0
0.0
0.0
0.0
0.0
0.0
0.0
0.0
0.0
0.0
0.0
0.0
0.0
0.0
0.0
0.0
0.0
0.0
0.0
0.0
0.0
0.0
0.0
0.0
0.0
0.0
0.0
0.0
0.0
0.0
0.0
0.0
0.0
0.0
0.0
0.0
0.0
0.0
0.0
0.0
0.0
0.0
0.0
0.0
0.0
0.0
0.0
0.0
0.0
0.0
0.0
0.0
0.0
0.0
0.0
0.0
0.0
0.0
0.0
0.0
0.0
0.0
0.0
0.0
0.0
0.0
0.0
0.0
0.0
0.0
0.0
0.0
0.0
0.0
0.0
0.0
0.0
0.0
0.0
0.0
0.0
0.0
0.0
0.0
0.0
0.0
0.0
0.0
0.0
0.0
0.0
0.0
0.0
0.0
0.0
0.0
0.0
0.0
0.0
0.0
0.0
0.0
0.0
0.0
0.0
0.0
0.0
0.0
0.0
0.0
0.0
0.0
0.0
0.0
0.0
0.0
0.0
0.0
0.0
0.0
0.0
0.0
0.0
0.0
0.0
0.0
0.0
0.0
0.0
0.0
0.0
0.0
0.0
0.0
0.0
0.0
0.0
0.0
0.0
0.0
0.0
0.0
0.0
0.0
0.0
0.0
0.0
0.0
0.0
0.0
0.0
0.0
0.0
0.0
0.0
0.0
0.0
0.0
0.0
0.0
0.0
0.0
0.0
0.0
0.0
0.0
0.0
0.0
0.0
0.0
0.0
0.0
0.0
0.0
0.0
0.0
0.0
0.0
0.0
0.0
0.0
0.0
0.0
0.0
0.0
0.0
0.0
0.0
0.0
0.0
0.0
0.0
0.0
0.0
0.0
0.0
0.0
0.0
0.0
0.0
0.0
0.0
0.0
0.0
0.0
0.0
0.0
0.0
0.0
0.0
0.0
0.0
0.0
0.0
0.0
0.0
0.0
0.0
0.0
0.0
0.0
0.0
0.0
0.0
0.0
0.0
0.0
0.0
0.0
0.0
0.0
0.0
0.0
0.0
0.0
0.0
0.0
0.0
0.0
0.0
0.0
0.0
0.0
0.0
0.0
0.0
0.0
0.0
0.0
0.0
0.0
0.0
0.0
0.0
0.0
0.0
0.0
0.0
0.0
0.0
0.0
0.0
0.0
0.0
0.0
0.0
0.0
0.0
0.0
0.0
0.0
0.0
0.0
0.0
0.0
0.0
0.0
0.0
0.0
0.0
0.0
0.0
0.0
0.0
0.0
0.0
0.0
0.0
0.0
0.0
0.0
0.0
0.0
0.0
0.0
0.0
0.0
0.0
0.0
0.0
0.0
0.0
0.0
0.0
0.0
0.0
0.0
0.0
0.0
0.0
0.0
0.0
0.0
0.0
0.0
0.0
0.0
0.0
0.0
0.0
0.0
0.0
0.0
0.0
0.0
0.0
0.0
0.0
0.0
0.0
0.0
0.0
0.0
0.0
0.0
0.0
0.0
0.0
0.0
0.0
0.0
0.0
0.0
0.0
0.0
0.0
0.0
0.0
0.0
0.0
0.0
0.0
0.0
0.0
0.0
0.0
0.0
0.0
0.0
0.0
0.0
0.0
0.0
0.0
0.0
0.0
0.0
0.0
0.0
0.0
0.0
0.0
0.0
0.0
0.0
0.0
0.0
0.0
0.0
0.0
0.0
0.0
0.0
0.0
0.0
0.0
0.0
0.0
0.0
0.0
0.0
0.0
0.0
0.0
0.0
0.0
0.0
0.0
0.0
0.0
0.0
0.0
0.0
0.0
0.0
0.0
0.0
0.0
0.0
0.0
0.0
0.0
0.0
0.0
0.0
0.0
0.0
0.0
0.0
0.0
0.0
0.0
0.0
0.0
0.0
0.0
0.0
0.0
0.0
0.0
0.0
0.0
0.0
0.0
0.0
0.0
0.0
0.0
0.0
0.0
0.0
0.0
0.0
0.0
0.0
0.0
0.0
0.0
0.0
0.0
0.0
0.0
0.0
0.0
0.0
0.0
0.0
0.0
0.0
0.0
0.0
0.0
0.0
0.0
0.0
0.0
0.0
0.0
0.0
0.0
0.0
0.0
0.0
0.0
0.0
0.0
0.0
0.0
0.0
0.0
0.0
0.0
0.0
0.0
0.0
0.0
0.0
0.0
0.0
0.0
0.0
0.0
0.0
0.0
0.0
0.0
0.0
0.0
0.0
0.0
0.0
0.0
0.0
0.0
0.0
0.0
0.0
0.0
0.0
0.0
0.0
0.0
0.0
0.0
0.0
0.0
0.0
0.0
0.0
0.0
0.0
0.0
0.0
0.0
0.0
0.0
0.0
0.0
0.0
0.0
0.0
0.0
0.0
0.0
0.0
0.0
0.0
0.0
0.0
0.0
0.0
0.0
0.0
0.0
0.0
0.0
0.0
0.0
0.0
0.0
0.0
0.0
0.0
0.0
0.0
0.0
0.0
0.0
0.0
0.0
0.0
0.0
0.0
0.0
0.0
0.0
0.0
0.0
0.0
0.0
0.0
0.0
0.0
0.0
0.0
0.0
0.0
0.0
0.0
0.0
0.0
0.0
0.0
0.0
0.0
0.0
0.0
0.0
0.0
0.0
0.0
0.0
0.0
0.0
0.0
0.0
0.0
0.0
0.0
0.0
0.0
0.0
0.0
0.0
0.0
0.0
0.0
0.0
0.0
0.0
0.0
0.0
0.0
0.0
0.0
0.0
0.0
0.0
0.0
0.0
0.0
0.0
0.0
0.0
0.0
0.0
0.0
0.0
0.0
0.0
0.0
0.0
0.0
0.0
0.0
0.0
0.0
0.0
0.0
0.0
0.0
0.0
0.0
0.0
0.0
0.0
0.0
0.0
0.0
0.0
0.0
0.0
0.0
0.0
0.0
0.0
0.0
0.0
0.0
0.0
0.0
0.0
0.0
0.0
0.0
0.0
0.0
0.0
0.0
0.0
0.0
0.0
0.0
0.0
0.0
0.0
0.0
0.0
0.0
0.0
0.0
0.0
0.0
0.0
0.0
0.0
0.0
0.0
0.0
0.0
0.0
0.0
0.0
0.0
0.0
0.0
0.0
0.0
0.0
0.0
0.0
0.0
0.0
0.0
0.0
0.0
0.0
0.0
0.0
0.0
0.0
0.0
0.0
0.0
0.0
0.0
0.0
0.0
0.0
0.0
0.0
0.0
0.0
0.0
0.0
0.0
0.0
0.0
0.0
0.0
0.0
0.0
0.0
0.0
0.0
0.0
0.0
0.0
0.0
0.0
0.0
0.0
0.0
0.0
0.0
0.0
0.0
0.0
0.0
0.0
0.0
0.0
0.0
0.0
0.0
0.0
0.0
0.0
0.0
0.0
0.0
0.0
0.0
0.0
0.0
0.0
0.0
0.0
0.0
0.0
0.0
0.0
0.0
0.0
0.0
0.0
0.0
0.0
0.0
0.0
0.0
0.0
0.0
0.0
0.0
0.0
0.0
0.0
0.0
0.0
0.0
0.0
0.0
0.0
0.0
0.0
0.0
0.0
0.0
0.0
0.0
0.0
0.0
0.0
0.0
0.0
0.0
0.0
0.0
0.0
0.0
0.0
0.0
0.0
0.0
0.0
0.0
0.0
0.0
0.0
0.0
0.0
0.0
0.0
0.0
0.0
0.0
0.0
0.0
0.0
0.0
0.0
0.0
0.0
0.0
0.0
0.0
0.0
0.0
0.0
0.0
0.0
0.0
0.0
0.0
0.0
0.0
0.0
0.0
0.0
0.0
0.0
0.0
0.0
0.0
0.0
0.0
0.0
0.0
0.0
0.0
0.0
0.0
0.0
0.0
0.0
0.0
0.0
0.0
0.0
0.0
0.0
0.0
0.0
0.0
0.0
0.0
0.0
0.0
0.0
0.0
0.0
0.0
0.0
0.0
0.0
0.0
0.0
0.0
0.0
0.0
0.0
0.0
0.0
0.0
0.0
0.0
0.0
0.0
0.0
0.0
0.0
0.0
0.0
0.0
0.0
0.0
0.0
0.0
0.0
0.0
0.0
0.0
0.0
0.0
0.0
0.0
0.0
0.0
0.0
0.0
0.0
0.0
0.0
0.0
0.0
0.0
0.0
0.0
0.0
0.0
0.0
0.0
0.0
0.0
0.0
0.0
0.0
0.0
0.0
0.0
0.0
0.0
0.0
0.0
0.0
0.0
0.0
0.0
0.0
0.0
0.0
0.0
0.0
0.0
0.0
0.0
0.0
0.0
0.0
0.0
0.0
0.0
0.0
0.0
0.0
0.0
0.0
0.0
0.0
0.0
0.0
0.0
0.0
0.0
0.0
0.0
0.0
0.0
0.0
0.0
0.0
0.0
0.0
0.0
0.0
0.0
0.0
0.0
0.0
0.0
0.0
0.0
0.0
0.0
0.0
0.0
0.0
0.0
0.0
0.0
0.0
0.0
0.0
0.0
0.0
0.0
0.0
0.0
0.0
0.0
0.0
0.0
0.0
0.0
0.0
0.0
0.0
0.0
0.0
0.0
0.0
0.0
